1    650.001    0    0
2    650    0    0
3    650    0    0
4    650.002    -0.009    0
5    649.639    -0.00510759    0.359846
6    649.992    -0.00680574    0.00576092
7    649.997    -0.00826177    0.00313312
8    650    -0.00294915    6.59964e-05
9    455.458    -0.00106808    194.541
10    650.002    -0.00281154    1.20048e-05
11    650    -0.00299897    5.81055e-07
12    650    -0.00400821    0.000347531
13    649.661    -0.00227298    0.336174
14    650    -0.00426969    1.51958e-06
15    650    -0.00366261    9.44691e-07
16    649.997    -0.00277018    3.61995e-05
17    650    -0.00306527    2.34989e-05
18    650.001    -0.00294535    1.62526e-06
19    650    -0.00316877    0.000112843
20    650.001    -0.00282361    2.28125e-05
21    650    -0.00311776    5.75077e-06
22    650    -0.00330604    3.07178e-05
23    650    -0.00308006    5.59662e-05
24    650.001    -0.00317505    9.99047e-06
25    650.002    -0.0031436    4.59068e-06
26    650.001    -0.00311712    1.72845e-07
27    357.254    -0.00686084    292.746
28    608.673    -0.00341717    41.3274
29    396.061    -0.00609158    253.937
30    526.379    -0.00405711    123.621
31    649.997    -0.00312664    6.05238e-06
32    421.818    -0.00596251    228.182
33    650.002    -0.00323705    1.28646e-06
34    650    -0.00328564    2.58781e-05
35    650    -0.00329792    1.81807e-06
36    650    -0.0034302    9.89379e-06
37    547.274    -0.00436689    102.724
38    440.9    -0.00630416    209.1
39    463.441    -0.00467585    186.559
40    394.301    -0.00660998    255.699
41    479.341    -0.00469453    170.659
42    492.945    -0.00471268    157.057
43    559.213    -0.00414567    90.7871
44    391.859    -0.00762721    258.139
45    425.599    -0.00662842    224.4
46    484.859    -0.00476025    165.141
47    411.604    -0.00614453    238.396
48    437.528    -0.00605934    212.472
49    448.47    -0.00556399    201.533
50    447.066    -0.00601602    202.934
51    411.534    -0.00692418    238.466
52    546.781    -0.00443845    103.219
53    476.038    -0.00563468    173.961
54    428.404    -0.0067471    221.596
55    449.124    -0.00585491    200.876
56    437.301    -0.00652665    212.699
57    441.03    -0.00645654    208.97
58    421.953    -0.00625578    228.047
59    456.039    -0.00573109    193.963
60    436.615    -0.00577337    213.387
61    457.038    -0.00598278    192.962
62    458.541    -0.00604203    191.461
63    467.515    -0.00489582    182.486
64    515.998    -0.00437707    134.002
65    507.07    -0.004511    142.93
66    498.177    -0.00436283    151.823
67    463.241    -0.00463269    186.761
68    418.938    -0.00484426    231.062
