68  62  507.341   140.415
68  61  559.301   160.949
68  60  611.216   156.844
68  59  595.959   153.657
68  58  617.925   133.859
68  57  600.375   141.071
68  56  592.34   132.899
68  55  579.902   136.645
68  54  581.32   135.169
68  53  568.185   131.357
68  52  563.622   123.295
68  51  549.971   125.787
68  50  539.775   125.946
68  49  534.42   129.831
68  48  527.461   124.435
68  47  517.532   114.943
68  46  509.084   116.711
68  45  501.748   115.386
68  44  498.71   111.304
68  43  484.146   112.159
68  42  486.882   116.415
68  41  472.558   104.295
68  40  468.274   108.592
68  39  464.54   108.076
68  38  461.685   104.077
68  37  456.476   107.431
68  36  447.383   101.89
68  35  447.441   101.776
68  34  440.67   98.2223
68  33  433.926   99.1587
68  32  432.298   93.6229
68  31  424.2   95.0504
68  30  423.163   92.6128
68  29  413.651   95.9594
68  28  407.623   87.458
68  27  404.613   90.2775
68  26  396.295   88.0298
68  25  397.09   88.5078
68  24  387.841   84.3556
68  23  387.933   87.1729
68  22  382.353   86.4968
68  21  378.992   84.723
68  20  373.639   76.4914
68  19  375.908   81.9303
68  18  366.965   75.3832
68  17  366.44   79.0579
68  16  364.369   82.805
68  15  357.186   77.9036
68  14  355.167   74.4771
68  13  347.02   67.3271
68  12  339.973   68.5815
68  11  334.954   69.8668
68  10  330.828   67.1392
68  9  327.856   66.4335
68  8  320.028   62.615
68  7  316.548   61.3421
68  6  313.58   58.3922
68  5  309.457   56.9169
68  4  306.718   55.8509
68  3  302.487   54.2088
68  2  287.151   53.8717
67  62  493.97   137.864
67  61  587.903   121.671
67  60  613.313   120.147
67  59  617.231   122.965
67  58  607.984   118.23
67  57  600.334   125
67  56  594.719   115.891
67  55  582.415   121.419
67  54  563.865   111.892
67  53  564.877   110.943
67  52  547.326   115.56
67  51  542.073   111.635
67  50  530.465   111.19
67  49  528.305   109.436
67  48  512.242   103.838
67  47  514.914   108.094
67  46  497.799   107.888
67  45  499.511   110.49
67  44  480.276   105.405
67  43  481.472   108.341
67  42  475.332   98.4953
67  41  471.17   98.3388
67  40  462.711   100.465
67  39  455.877   101.354
67  38  447.674   96.4471
67  37  443.537   95.7439
67  36  429.077   94.4989
67  35  437.477   86.6918
67  34  422.093   93.1345
67  33  417.637   90.585
67  32  409.6   92.4312
67  31  403.304   91.3851
67  30  396.231   86.7192
67  29  398.899   84.8839
67  28  393.288   88.9745
67  27  385.577   87.2561
67  26  383.147   80.3026
67  25  377.267   82.455
67  24  368.428   75.8353
67  23  368.661   81.731
67  22  362.939   77.8632
67  21  362.152   76.0517
67  20  357.175   78.7227
67  19  352.606   83.2483
67  18  345.92   71.2964
67  17  349.052   77.6888
67  16  343.585   77.8609
67  15  337.649   75.9401
67  14  330.092   76.1656
67  13  326.642   74.0458
67  12  319.207   71.974
67  11  313.382   70.1819
67  10  307.83   69.0729
67  9  300.774   63.1327
67  8  296.738   64.1398
67  7  290.201   62.6312
67  6  285.753   61.1559
67  5  280.48   60.1687
67  4  278.529   54.2484
67  3  268.224   56.3377
67  2  239.801   52.6872
66  62  501.241   140.354
66  61  608.198   122.848
66  60  628.682   129.288
66  59  620.389   123.032
66  58  612.646   120.176
66  57  611.728   122.289
66  56  595.413   124.344
66  55  581.293   117.261
66  54  572.714   112.769
66  53  558.712   111.526
66  52  541.921   110.261
66  51  544.537   109.747
66  50  527.039   111.31
66  49  524.504   111.203
66  48  508.006   104.566
66  47  509.188   105.713
66  46  490.811   99.7144
66  45  486.676   105.195
66  44  479.203   103.023
66  43  476.261   101.378
66  42  462.83   96.8584
66  41  458.475   97.2555
66  40  458.603   102.415
66  39  451.372   97.1692
66  38  436.856   91.5195
66  37  432.506   90.6424
66  36  430.98   99.769
66  35  422.482   91.7202
66  34  408.395   89.3117
66  33  410.107   89.1693
66  32  407.712   84.6413
66  31  403.357   87.9596
66  30  393.51   84.3428
66  29  389.331   84.2422
66  28  384.963   80.8115
66  27  380.115   85.2074
66  26  373.782   78.8449
66  25  367.584   80.6528
66  24  357.241   77.0254
66  23  360.532   77.1711
66  22  357.944   77.5343
66  21  352.561   78.8037
66  20  345.496   76.1687
66  19  342.182   82.0027
66  18  336.473   75.8138
66  17  338.324   83.8455
66  16  331.311   77.9909
66  15  329.468   75.2134
66  14  324.691   75.0698
66  13  317.203   73.5536
66  12  307.936   73.1886
66  11  300.805   68.4548
66  10  296.743   70.3797
66  9  289.07   67.326
66  8  285.667   64.2649
66  7  279.053   64.7592
66  6  273.033   64.3401
66  5  267.728   60.543
66  4  260.402   59.5644
66  3  234.56   59.171
66  2  193.114   47.7645
65  62  491.707   139.745
65  61  621.89   133.448
65  60  630.595   132.398
65  59  626.843   123.261
65  58  614.92   126.35
65  57  613.254   118.52
65  56  585.918   119.825
65  55  588.264   119.619
65  54  560.999   114.095
65  53  559.187   114.996
65  52  535.821   115.871
65  51  541.386   116.702
65  50  529.97   119.569
65  49  520.872   102.457
65  48  502.822   105.088
65  47  498.931   109.418
65  46  482.572   105.091
65  45  481.881   101.453
65  44  469.808   103.422
65  43  473.53   103.431
65  42  459.726   97.5184
65  41  459.977   104.429
65  40  436.663   100.979
65  39  443.215   97.392
65  38  430.345   100.697
65  37  425.276   94.1727
65  36  423.479   94.6113
65  35  416.457   94.2233
65  34  405.16   91.3727
65  33  402.65   96.3234
65  32  396.653   89.2214
65  31  397.041   92.8539
65  30  386.682   96.3446
65  29  377.182   88.2419
65  28  377.252   84.5787
65  27  364.015   85.2825
65  26  358.326   82.2028
65  25  359.776   83.1668
65  24  354.223   82.2787
65  23  353.029   81.6885
65  22  349.287   81.1127
65  21  347.598   82.8783
65  20  338.209   81.7678
65  19  335.733   77.982
65  18  330.524   78.0558
65  17  327.19   76.1034
65  16  327.291   77.2315
65  15  321.362   78.8568
65  14  313.92   77.8138
65  13  303.431   76.5858
65  12  298.534   74.5407
65  11  291.594   73.0446
65  10  283.152   70.9278
65  9  279.565   69.7081
65  8  274.139   67.9158
65  7  265.012   66.7069
65  6  261.898   64.4888
65  5  251.668   63.7825
65  4  228.943   59.7317
65  3  189.258   51.6921
64  62  498.783   142.996
64  61  627.006   133.21
64  60  617.084   140.308
64  59  634.82   126.795
64  58  604.443   116.467
64  57  611.239   121.943
64  56  578.868   111.293
64  55  580.576   112.201
64  54  558.871   115.897
64  53  557.22   113.226
64  52  536.931   112.19
64  51  539.159   106.849
64  50  520.076   122.422
64  49  523.292   110.398
64  48  497.728   107.353
64  47  504.973   112.13
64  46  480.514   95.5399
64  45  487.077   104.437
64  44  469.409   97.3718
64  43  471.566   103.866
64  42  453.851   96.8094
64  41  455.555   92.52
64  40  444.161   101.172
64  39  439.445   99.4355
64  38  430.645   94.8042
64  37  427.504   94.44
64  36  415.92   90.0474
64  35  419.903   88.8187
64  34  404.851   88.3999
64  33  401.64   86.8238
64  32  396.379   85.0931
64  31  391.77   94.0699
64  30  379.681   91.1249
64  29  380.849   88.4142
64  28  377.743   90.1168
64  27  369.326   87.8672
64  26  362.732   81.5266
64  25  363.754   82.9342
64  24  351.371   76.6724
64  23  351.976   76.2795
64  22  347.59   81.9965
64  21  344.762   84.2572
64  20  337.33   77.948
64  19  334.814   80.4072
64  18  326.564   79.2457
64  17  325.129   75.069
64  16  319.861   78.6584
64  15  318.134   78.0639
64  14  309.936   73.8567
64  13  303.718   72.988
64  12  293.842   71.5178
64  11  286.669   68.6727
64  10  283.3   68.6124
64  9  274.782   67.6526
64  8  269.825   66.2972
64  7  263.043   63.5224
64  6  256.795   63.9665
64  5  231.228   59.8791
64  4  185.556   47.9446
63  62  502.944   130.588
63  61  621.175   116.669
63  60  627.823   123.224
63  59  627.446   115.971
63  58  620.249   122.262
63  57  600.115   110.969
63  56  588.761   117.913
63  55  571.695   108.669
63  54  565.631   110.924
63  53  556.606   102.551
63  52  541.606   109.784
63  51  533.064   103.313
63  50  512.824   105.291
63  49  513.781   99.9526
63  48  499.693   95.7246
63  47  502.008   95.1881
63  46  493.472   101.593
63  45  479.739   91.0772
63  44  474.954   106.979
63  43  468.737   91.1667
63  42  459.632   97.1303
63  41  451.234   87.7095
63  40  443.194   86.4721
63  39  447.778   91.0099
63  38  439.33   91.6975
63  37  427.969   85.6589
63  36  412.833   86.8093
63  35  418.386   87.1289
63  34  403.494   83.8026
63  33  406.325   79.0399
63  32  400.855   85.764
63  31  394.444   82.2805
63  30  393.013   77.5716
63  29  387.319   84.3738
63  28  385.62   81.7054
63  27  376.085   80.7244
63  26  370.084   80.248
63  25  363.478   76.5082
63  24  367.269   74.6921
63  23  358.005   73.4118
63  22  353.811   79.5389
63  21  352.442   74.3319
63  20  352.258   77.4059
63  19  347.758   75.0378
63  18  343.4   72.8092
63  17  336.005   72.8998
63  16  336.838   74.0773
63  15  330.148   71.4003
63  14  320.532   68.6103
63  13  314.842   68.2243
63  12  309.718   66.4949
63  11  303.863   65.2172
63  10  298.681   65.2975
63  9  292.626   61.811
63  8  286.242   60.9566
63  7  278.412   58.0464
63  6  256.618   55.2225
63  5  217.254   46.0766
62  62  521.634   138.568
62  61  632.384   127.373
62  60  628.753   126.487
62  59  614.102   122.565
62  58  610.926   120.854
62  57  600.228   112.01
62  56  584.112   126.644
62  55  561.6   109.941
62  54  549.665   116.989
62  53  535.144   110.495
62  52  523.836   107.607
62  51  505.645   105.305
62  50  505.475   107.059
62  49  489.793   104.865
62  48  479.793   96.3276
62  47  469.538   97.5952
62  46  466.333   97.8631
62  45  459.26   99.2377
62  44  448.532   94.9448
62  43  435.28   92.9025
62  42  428.88   92.8795
62  41  427.061   93.2891
62  40  414.756   91.6949
62  39  407.441   86.1531
62  38  401.339   84.963
62  37  399.92   83.5372
62  36  391.305   81.5267
62  35  392.104   84.5995
62  34  386.491   83.3966
62  33  373.003   85.1845
62  32  367.989   78.4814
62  31  368.481   84.0441
62  30  372.752   82.1495
62  29  358.128   85.1362
62  28  355.434   76.4336
62  27  348.893   75.3658
62  26  344.242   74.0836
62  25  335.457   79.4471
62  24  337.79   71.846
62  23  333.419   71.6555
62  22  331.436   76.312
62  21  327.62   68.5499
62  20  322.036   75.9662
62  19  320.465   69.8914
62  18  314.046   69.8721
62  17  311.609   65.5429
62  16  308.051   65.0212
62  15  304.206   67.3025
62  14  293.682   63.3603
62  13  287.99   60.841
62  12  282.212   61.1082
62  11  278.573   58.8252
62  10  272.331   57.6489
62  9  265.003   55.8295
62  8  260.032   51.8384
62  7  244.718   50.0086
62  6  223.575   44.6605
61  62  530.579   129.823
61  61  615.441   124.032
61  60  616.421   118.635
61  59  608.512   117.137
61  58  598.412   121.558
61  57  582.274   125.656
61  56  575.938   115.354
61  55  562.905   115.215
61  54  553.395   111.163
61  53  539.175   118.458
61  52  524.709   110.412
61  51  517.561   102.285
61  50  505.047   106.061
61  49  490.646   105.244
61  48  493.392   102.654
61  47  477.541   102.394
61  46  470.736   101.758
61  45  461.571   98.5746
61  44  450.653   93.8829
61  43  442.6   95.1866
61  42  439.736   92.58
61  41  428.248   88.0833
61  40  421.884   90.0069
61  39  416.498   86.6739
61  38  408.115   86.1561
61  37  397.898   83.3999
61  36  398.172   91.3975
61  35  389.843   86.5412
61  34  384.122   78.063
61  33  380.113   83.5299
61  32  378.051   81.4315
61  31  368.731   81.352
61  30  368.471   77.035
61  29  357.763   78.0425
61  28  352.747   73.0008
61  27  348.118   78.8091
61  26  344.439   77.3093
61  25  340.623   73.4
61  24  336.034   74.4153
61  23  335.231   71.887
61  22  328.598   67.6476
61  21  323.288   73.1816
61  20  316.68   68.6888
61  19  317.669   65.2433
61  18  310.484   65.9324
61  17  309.938   65.6736
61  16  310.828   65.8726
61  15  301.488   63.9119
61  14  294.991   63.05
61  13  289.881   61.5271
61  12  286.605   60.4278
61  11  279.382   58.1797
61  10  272.984   53.9729
61  9  267.808   54.213
61  8  255.84   50.1878
61  7  234.312   49.3519
60  62  515.021   123.139
60  61  611.128   118.315
60  60  625.631   111.676
60  59  602.528   111.825
60  58  606.437   106.471
60  57  582.372   105.367
60  56  580.294   103.822
60  55  570.375   107.552
60  54  558.067   100.013
60  53  543.565   101.071
60  52  532.298   96.6904
60  51  525.222   95.4583
60  50  518.178   98.0606
60  49  506.259   97.9999
60  48  496.952   99.381
60  47  489.141   98.3536
60  46  476.392   91.8181
60  45  468.758   89.1604
60  44  461.482   87.0829
60  43  459.219   87.0885
60  42  443.546   82.8767
60  41  442.106   81.1225
60  40  439.925   83.5041
60  39  428.832   73.1063
60  38  420.072   83.4225
60  37  413.65   79.9396
60  36  413.799   79.0769
60  35  404.538   80.5309
60  34  400.421   80.7285
60  33  395.153   76.3007
60  32  392.774   75.3779
60  31  383.906   73.1262
60  30  380.13   77.522
60  29  381.143   79.2157
60  28  370.697   72.5765
60  27  373.802   70.0028
60  26  366.245   68.8915
60  25  360.207   69.6998
60  24  351.822   69.6704
60  23  351.826   71.416
60  22  348.535   67.4443
60  21  344.409   66.331
60  20  335.756   67.6243
60  19  334.458   65.4947
60  18  331.575   68.5505
60  17  333.931   59.8124
60  16  328.999   64.2435
60  15  321.671   61.7226
60  14  315.08   60.5718
60  13  307.662   57.4954
60  12  304.385   53.9435
60  11  300.672   54.5746
60  10  292.593   51.2158
60  9  279.227   50.338
60  8  254.066   46.4127
59  62  511.415   126.542
59  61  610.724   121.57
59  60  628.334   114.32
59  59  619.485   119.435
59  58  606.748   117.025
59  57  593.419   118.396
59  56  581.827   110.893
59  55  557.624   114.91
59  54  555.757   110.444
59  53  535.252   112.45
59  52  525.78   107.348
59  51  515.922   106.852
59  50  512.062   104.238
59  49  493.94   93.3163
59  48  487.062   103.11
59  47  477.387   91.1649
59  46  473.851   92.0397
59  45  465.831   99.3654
59  44  451.354   89.0695
59  43  449.327   95.0793
59  42  442.197   95.1519
59  41  436.924   85.4905
59  40  430.726   86.8453
59  39  420.989   82.7957
59  38  410.639   86.001
59  37  408.002   88.7026
59  36  405.758   85.1615
59  35  394.123   85.8118
59  34  388.958   76.7693
59  33  387.966   78.7541
59  32  383.306   86.5209
59  31  385.615   75.8127
59  30  378.184   76.734
59  29  363.223   76.1934
59  28  362.989   74.8638
59  27  358.33   74.4088
59  26  349.069   69.844
59  25  351.26   73.7552
59  24  342.625   71.6682
59  23  342.755   72.9471
59  22  339.414   71.0642
59  21  335.938   71.3964
59  20  333.128   66.512
59  19  325.211   67.1351
59  18  322.41   65.9772
59  17  316.294   65.7333
59  16  309.804   62.9968
59  15  308.555   63.9655
59  14  301.667   62.471
59  13  296.3   60.4401
59  12  289.523   58.4209
59  11  281.753   57.3436
59  10  268.584   54.1368
59  9  242.445   51.753
58  62  553.479   114.165
58  61  610.083   103.777
58  60  629.279   116.241
58  59  616.819   108.583
58  58  604.954   103.198
58  57  587.77   108.069
58  56  583.374   101.323
58  55  560.563   94.5483
58  54  557.232   94.7642
58  53  538.611   97.2066
58  52  532.564   95.8846
58  51  527.175   102.777
58  50  511.869   87.8731
58  49  505.185   92.23
58  48  493.551   93.9161
58  47  484.416   91.625
58  46  469.282   83.0259
58  45  460.713   87.843
58  44  460.338   87.8738
58  43  454.981   85.2472
58  42  441.642   80.8371
58  41  434.119   78.6731
58  40  431.475   77.7358
58  39  425.62   79.1658
58  38  418.044   75.8169
58  37  413.421   77.5259
58  36  412.33   75.1008
58  35  413.705   73.7541
58  34  399.679   73.692
58  33  397.551   73.0305
58  32  389.511   72.2929
58  31  387.931   72.975
58  30  379.647   71.4802
58  29  375.61   73.0264
58  28  374.644   73.4243
58  27  368.036   69.7304
58  26  367.826   73.1681
58  25  361.22   65.4849
58  24  356.256   67.8643
58  23  350.034   64.0615
58  22  348.93   67.6181
58  21  338.403   59.1957
58  20  338.958   63.6205
58  19  334.656   65.7748
58  18  332.977   60.5615
58  17  328.994   58.2008
58  16  329.942   61.3274
58  15  324.58   60.0282
58  14  319.059   59.3887
58  13  310.116   56.3252
58  12  301.388   52.7258
58  11  292.722   51.0642
58  10  267.574   48.4181
57  62  520.105   132.719
57  61  601.752   123.386
57  60  631.179   119.554
57  59  598.936   115.983
57  58  603.217   114.154
57  57  576.052   113.798
57  56  577.459   112.655
57  55  555.854   104.693
57  54  550.283   99.1084
57  53  532.425   99.9326
57  52  522.133   101.035
57  51  513.436   100.74
57  50  499.015   101.354
57  49  493.248   98.0675
57  48  485.016   97.332
57  47  468.134   92.659
57  46  459.825   90.607
57  45  453.794   94.2755
57  44  451.136   87.282
57  43  430.622   85.0648
57  42  425.598   80.9681
57  41  425.418   92.0103
57  40  417.713   88.8002
57  39  410.689   82.0698
57  38  405.225   84.6798
57  37  403.427   84.1981
57  36  397.386   83.5667
57  35  394.789   79.5314
57  34  386.164   76.311
57  33  383.68   79.8412
57  32  375.251   77.1626
57  31  367.87   74.8834
57  30  367.908   72.7151
57  29  352.227   68.4362
57  28  350.69   72.4288
57  27  355.252   70.6017
57  26  343.07   70.4312
57  25  338.046   67.0448
57  24  331.359   67.0827
57  23  328.096   67.2664
57  22  329.512   67.0527
57  21  322.886   67.2495
57  20  316.772   62.2808
57  19  320.122   65.394
57  18  315.264   63.1555
57  17  306.264   59.3825
57  16  309.176   59.9664
57  15  300.953   60.4984
57  14  295.541   57.973
57  13  290.299   57.6738
57  12  279.626   54.2815
57  11  259.646   53.3902
56  62  541.693   143.875
56  61  613.212   119.117
56  60  624.316   113.324
56  59  615.564   120.826
56  58  599.068   109.816
56  57  587.381   108.914
56  56  565.689   111.421
56  55  552.515   107.97
56  54  529.389   94.4183
56  53  535.333   98.605
56  52  514.823   93.3702
56  51  512.734   108.51
56  50  497.788   97.7887
56  49  486.704   89.4818
56  48  466.795   89.7954
56  47  471.023   95.3174
56  46  457.934   89.8719
56  45  449.616   87.7816
56  44  439.973   89.4102
56  43  433.44   91.0045
56  42  424.836   89.5921
56  41  422.023   84.825
56  40  420.963   82.7003
56  39  403.994   74.8385
56  38  401.406   82.5355
56  37  393.821   76.724
56  36  391.78   80.4927
56  35  384.976   80.2873
56  34  380.303   78.0035
56  33  373.968   75.9599
56  32  374.842   74.4657
56  31  371.316   74.8165
56  30  362.731   76.0486
56  29  358.202   72.8049
56  28  354.053   71.8828
56  27  350.397   70.0744
56  26  349.124   70.6552
56  25  338.323   68.0324
56  24  333.986   64.3366
56  23  336.513   62.3261
56  22  323.773   58.2625
56  21  323.164   64.1334
56  20  320.482   64.4929
56  19  315.699   64.9694
56  18  313.477   60.2951
56  17  311.227   56.7714
56  16  309.438   57.6458
56  15  302.587   56.1984
56  14  296.834   55.8651
56  13  288.885   53.7568
56  12  268.586   51.7071
56  11  289.091   200
55  62  545.933   132.305
55  61  619.148   110.945
55  60  628.178   119.455
55  59  620.067   116.126
55  58  598.766   106.779
55  57  599.004   110.693
55  56  581.604   107.47
55  55  568.599   99.9472
55  54  554.677   107.936
55  53  533.19   100.78
55  52  527.434   95.9789
55  51  526.32   102.589
55  50  509.553   95.652
55  49  494.204   85.7791
55  48  488.484   94.9544
55  47  479.51   93.8329
55  46  467.22   89.013
55  45  464.987   91.7277
55  44  455.014   89.1404
55  43  449.95   88.329
55  42  451.604   85.7175
55  41  437.449   86.3694
55  40  429.434   90.8336
55  39  420.329   87.7713
55  38  421.779   88.9111
55  37  409.271   83.0999
55  36  399.486   85.0986
55  35  393.086   75.2636
55  34  391.619   85.4455
55  33  391.442   82.0146
55  32  384.786   77.0482
55  31  383.773   74.8331
55  30  376.285   77.1287
55  29  369.167   73.7919
55  28  363.4   74.5343
55  27  359.445   76.7212
55  26  356.093   72.2174
55  25  351.448   69.9324
55  24  348.484   69.1884
55  23  346.101   74.4369
55  22  336.65   67.0782
55  21  335.483   70.0154
55  20  334.356   68.4699
55  19  325.942   69.1904
55  18  322.883   65.9402
55  17  320.879   64.1138
55  16  322.25   66.1916
55  15  315.723   65.1381
55  14  302.869   62.9374
55  13  275.592   62.613
55  12  227.163   90.3708
54  62  542.48   127.76
54  61  621.839   121.377
54  60  628.268   118.857
54  59  624.017   114.756
54  58  602.641   108.935
54  57  582.983   112.13
54  56  568.531   108.283
54  55  558.195   107.542
54  54  540.32   100.698
54  53  532.077   102.087
54  52  510.818   100.95
54  51  503.722   99.0156
54  50  499.095   95.8844
54  49  479.52   93.7195
54  48  478.632   96.7326
54  47  466.966   92.2662
54  46  465.808   99.314
54  45  453.04   87.9681
54  44  448.201   89.4719
54  43  434.423   86.6509
54  42  432.844   91.0727
54  41  422.468   82.3903
54  40  423.166   82.9456
54  39  412.669   78.0578
54  38  409.783   83.6281
54  37  400.305   82.6394
54  36  394.842   74.4776
54  35  393.193   74.3895
54  34  387.324   78.5924
54  33  381.01   76.1199
54  32  379.3   80.3604
54  31  367.892   73.8738
54  30  361.104   70.2314
54  29  362.066   74.0677
54  28  352.657   69.9479
54  27  346.422   69.3966
54  26  347.239   67.0414
54  25  342.812   66.3259
54  24  336.547   68.1094
54  23  339.102   67.1747
54  22  334.591   69.2771
54  21  329.077   65.5007
54  20  324.455   61.2827
54  19  319.86   61.8912
54  18  317.214   62.5951
54  17  318.639   62.891
54  16  310.868   61.1192
54  15  305.246   57.9184
54  14  281.207   57.0827
54  13  254.706   77.828
53  62  531.703   131.964
53  61  618.687   120.326
53  60  622.718   121.284
53  59  623.043   125.73
53  58  605.789   110.238
53  57  582.024   113.798
53  56  571.906   108.943
53  55  562.968   104.632
53  54  549.106   109.555
53  53  537.015   110.569
53  52  530.984   109.036
53  51  508.451   105.58
53  50  506.127   98.7868
53  49  494.257   103.225
53  48  487.399   101.361
53  47  478.086   99.1308
53  46  470.545   95.9932
53  45  458.142   96.0729
53  44  452.199   96.774
53  43  448.63   94.3963
53  42  440.792   92.6755
53  41  435.689   91.3042
53  40  422.585   87.2989
53  39  418.054   88.856
53  38  410.849   85.8073
53  37  403.137   85.343
53  36  397.462   86.3931
53  35  395.361   83.3832
53  34  386.121   84.9905
53  33  381.117   87.3673
53  32  371.703   80.6702
53  31  366.041   79.5161
53  30  360.752   79.4553
53  29  361.064   76.1069
53  28  353.505   77.7329
53  27  349.649   78.7787
53  26  347.492   76.9673
53  25  341.264   74.6164
53  24  333.032   68.3061
53  23  328.634   71.7216
53  22  323.409   67.7344
53  21  321.389   72.1891
53  20  323.986   76.0766
53  19  315.342   70.6413
53  18  308.046   68.2143
53  17  310.449   67.2638
53  16  300.376   69.1477
53  15  277.355   70.1436
53  14  228.299   56.2994
52  62  546.682   131.309
52  61  640.097   116.443
52  60  630.106   109.737
52  59  618.809   126.538
52  58  618.221   117.879
52  57  590.26   116.258
52  56  584.167   109.929
52  55  567.108   117.236
52  54  555.758   120.934
52  53  547.821   102.942
52  52  532.228   103.576
52  51  521.796   98.5512
52  50  508.598   106.447
52  49  511.642   94.2864
52  48  490.738   102.251
52  47  483.55   95.0275
52  46  474.757   100.049
52  45  472.386   102.44
52  44  456.031   92.3985
52  43  459.303   89.5217
52  42  445.837   82.2855
52  41  441.694   98.1635
52  40  431.468   98.3766
52  39  421.555   85.5939
52  38  416.327   89.995
52  37  407.868   77.2088
52  36  401.28   103.994
52  35  408.167   97.9194
52  34  397.498   91.859
52  33  386.742   82.4854
52  32  384.65   89.3392
52  31  386.462   84.929
52  30  379.701   88.3725
52  29  361.25   90.2598
52  28  361.784   81.7594
52  27  356.684   81.5338
52  26  347.39   86.6522
52  25  342.362   85.0973
52  24  333.067   81.181
52  23  340.65   87.8455
52  22  333.641   78.0932
52  21  323.621   76.6766
52  20  316.481   84.7903
52  19  316.111   88.0971
52  18  295.847   71.5512
52  17  303.64   72.133
52  16  280.82   67.9698
52  15  221.719   68.8152
51  62  576.273   148.975
51  61  620.754   110.646
51  60  631.501   129.596
51  59  602.403   110.645
51  58  590.189   113.488
51  57  597.475   105.187
51  56  566.013   109.252
51  55  550.09   94.6297
51  54  539.331   97.0962
51  53  542.535   101.726
51  52  533.536   88.9163
51  51  511.346   100.799
51  50  498.809   97.4767
51  49  493.776   110.676
51  48  476.707   86.7964
51  47  475.649   96.981
51  46  467.749   90.0781
51  45  468.823   87.156
51  44  454.398   89.9067
51  43  452.189   81.8282
51  42  421.713   76.3373
51  41  434.433   79.6955
51  40  416.949   80.6662
51  39  421.697   80.3491
51  38  402.003   89.7482
51  37  406.467   72.4777
51  36  405.517   87.9265
51  35  403.029   87.3106
51  34  402.422   81.1854
51  33  387.326   83.07
51  32  380.464   74.585
51  31  374.155   73.3228
51  30  377.661   64.6245
51  29  370.984   67.4867
51  28  361.749   73.5687
51  27  359.344   71.8868
51  26  351.479   69.3349
51  25  355.59   65.0241
51  24  344.805   64.2674
51  23  351.494   67.4656
51  22  333.65   63.7014
51  21  337.551   64.5374
51  20  333.064   63.9799
51  19  325.242   64.1888
51  18  319.004   58.7885
51  17  307.099   60.6144
51  16  273.327   57.1765
50  62  550.557   151.555
50  61  631.193   129.792
50  60  616.29   97.1898
50  59  626.82   123.737
50  58  609.582   132.644
50  57  592.5   116.904
50  56  578.568   106.438
50  55  555.718   123.127
50  54  560.336   110.263
50  53  541.703   95.7442
50  52  539.883   107.083
50  51  511.531   93.3957
50  50  515.852   102.967
50  49  510.654   99.4937
50  48  498.921   96.6665
50  47  492.779   96.6188
50  46  484.739   101.68
50  45  478.567   104.845
50  44  452.411   81.9032
50  43  470.121   104.911
50  42  454.539   93.5881
50  41  442.875   88.7844
50  40  435.794   84.4359
50  39  427.556   93.3986
50  38  413.291   101.282
50  37  414.968   91.5959
50  36  406.803   80.566
50  35  392.283   89.1292
50  34  394.657   83.1649
50  33  388.408   84.4093
50  32  382.897   74.3221
50  31  373.638   81.4005
50  30  381.434   80.4159
50  29  371.62   75.5918
50  28  360.126   81.1046
50  27  357.478   77.8996
50  26  364.324   72.1978
50  25  355.197   79.5444
50  24  349.259   73.1185
50  23  349.802   90.1309
50  22  341.662   71.3965
50  21  342.601   81.5683
50  20  326.797   81.1162
50  19  315.455   67.4941
50  18  308.777   67.9873
50  17  277.236   70.5657
49  62  536.667   134.08
49  61  602.837   120.951
49  60  612.633   107.286
49  59  625.485   128.766
49  58  602.649   132.855
49  57  595.419   114.654
49  56  572.844   96.3638
49  55  572.07   105.405
49  54  555.622   106.786
49  53  534.846   146.141
49  52  531.353   98.753
49  51  530.472   95.705
49  50  515.935   109.917
49  49  510.887   101.532
49  48  516.234   126.278
49  47  493.549   92.3025
49  46  478.408   93.6452
49  45  471.837   91.4673
49  44  465.284   106.448
49  43  446.997   93.3555
49  42  445.613   100.599
49  41  448.023   97.9007
49  40  441.111   92.3089
49  39  424.433   81.0619
49  38  416.884   83.6432
49  37  425.777   100.992
49  36  409.451   84.3702
49  35  407.422   85.7179
49  34  408.628   86.866
49  33  389.661   86.078
49  32  392.522   80.9036
49  31  387.87   82.4749
49  30  379.76   77.2196
49  29  390.789   94.5922
49  28  370.856   71.4566
49  27  369.315   80.8264
49  26  360.712   79.8286
49  25  360.975   76.8288
49  24  353.829   71.5383
49  23  353.535   80.2631
49  22  345.316   79.1826
49  21  341.877   65.1328
49  20  327.509   68.8786
49  19  318.166   68.058
49  18  272.398   65.5912
48  62  509.64   125.63
48  61  609.177   198.512
48  60  606.405   109.612
48  59  614.775   110.33
48  58  617.019   105.762
48  57  586.461   94.2506
48  56  566.282   112.247
48  55  557.107   104.789
48  54  549.716   103.012
48  53  540.836   102.379
48  52  531.758   108.564
48  51  524.439   102.655
48  50  508.201   104.708
48  49  509.405   94.7093
48  48  496.543   91.1256
48  47  476.247   85.4938
48  46  472.595   92.959
48  45  463.954   80.9811
48  44  464.25   90.2716
48  43  462.231   90.443
48  42  444.096   88.948
48  41  444.733   86.4937
48  40  431.615   83.7159
48  39  420.338   81.7177
48  38  420.473   78.2633
48  37  411.232   85.787
48  36  407.187   83.3874
48  35  398.9   78.8343
48  34  401.396   82.7424
48  33  391.565   82.5618
48  32  381.493   74.2497
48  31  381.351   74.0324
48  30  378.305   80.2277
48  29  370.101   74.108
48  28  371.048   73.8772
48  27  359.103   72.6365
48  26  369.921   69.0234
48  25  351.991   78.7298
48  24  356.906   66.2561
48  23  339.507   73.0977
48  22  337.998   75.9443
48  21  333.619   70.8745
48  20  327.303   69.2884
48  19  290.803   65.2401
48  18  242.375   89.1086
47  62  541.801   138.716
47  61  612.001   118.538
47  60  627.872   109.753
47  59  601.866   117.814
47  58  600.329   108.617
47  57  595.695   115.356
47  56  581.622   112.496
47  55  576.66   109.651
47  54  557.321   100.808
47  53  558.51   95.0379
47  52  538.986   80.9476
47  51  521.492   76.9147
47  50  513.776   95.8489
47  49  510.147   88.2475
47  48  495.324   91.2312
47  47  488.015   86.8574
47  46  483.964   87.1955
47  45  485.246   99.2687
47  44  459.625   85.963
47  43  480.706   81.9442
47  42  465.562   90.4591
47  41  453.902   89.3943
47  40  446.003   85.3949
47  39  441.049   84.1989
47  38  418.452   78.6198
47  37  418.264   69.985
47  36  418.284   80.2603
47  35  416.239   78.548
47  34  409.815   72.8633
47  33  402.898   76.0409
47  32  394.045   79.2826
47  31  390.327   73.5119
47  30  389.481   69.837
47  29  386.961   64.8241
47  28  387.862   75.9876
47  27  383.509   76.9588
47  26  378.684   73.1278
47  25  376.157   70.4028
47  24  368.738   71.6107
47  23  365.591   67.3654
47  22  352.543   61.599
47  21  340.598   64.8502
47  20  308.386   63.5235
47  19  263.907   85.6891
46  62  547.642   122.617
46  61  639.457   130.116
46  60  623.429   112.769
46  59  633.438   102.564
46  58  596.023   113.61
46  57  597.649   103.958
46  56  575.757   103.07
46  55  580.145   111.584
46  54  562.267   109.99
46  53  551.191   103.894
46  52  549.384   118.353
46  51  536.425   102.481
46  50  519.248   97.7626
46  49  517.506   105.98
46  48  504.434   98.047
46  47  497.953   96.708
46  46  491.626   99.2556
46  45  487.467   99.4448
46  44  491.051   104.353
46  43  472.014   99.2523
46  42  468.136   97.2889
46  41  453.097   96.9216
46  40  449.042   90.6716
46  39  446.655   92.5971
46  38  437.746   92.482
46  37  437.709   95.4381
46  36  426.089   86.1475
46  35  420.827   83.4846
46  34  421.984   85.4442
46  33  401.246   90.9702
46  32  397.957   81.9651
46  31  386.493   90.039
46  30  391.192   88.793
46  29  385.48   82.0134
46  28  376.229   89.7598
46  27  373.911   86.8621
46  26  375.924   86.1445
46  25  372.493   78.3018
46  24  358.228   89.6393
46  23  355.591   80.1637
46  22  343.971   77.6546
46  21  299.436   85.7297
46  20  240.208   75.3755
45  62  550.114   148.459
45  61  608.947   98.6332
45  60  618.573   119.075
45  59  602.456   119.887
45  58  601.732   113.152
45  57  590.917   94.4442
45  56  564.187   97.4065
45  55  552.013   88.1862
45  54  546.659   116.103
45  53  542.914   100.119
45  52  530.027   103.155
45  51  523.838   99.332
45  50  512.049   103.456
45  49  495.311   96.15
45  48  496.596   86.0476
45  47  472.978   87.7533
45  46  454.219   90.3367
45  45  460.593   91.4375
45  44  454.808   82.3594
45  43  451.703   85.8632
45  42  434.699   89.4499
45  41  430.151   79.5231
45  40  418.853   86.1118
45  39  410.38   74.3635
45  38  405.806   76.2619
45  37  402.683   78.1355
45  36  396.804   79.2959
45  35  395.611   77.6778
45  34  385.754   71.5615
45  33  381.275   74.5857
45  32  380.986   71.1052
45  31  385.158   79.8287
45  30  372.651   78.0559
45  29  366.817   80.9605
45  28  371.664   73.9461
45  27  361.901   78.1726
45  26  350.518   73.7804
45  25  353.015   68.1348
45  24  342.46   69.5703
45  23  324.692   63.7054
45  22  302.814   57.0524
45  21  259.949   73.5851
44  62  507.691   128.049
44  61  597.176   113.547
44  60  616.94   113.527
44  59  613.713   115.041
44  58  594.253   100.011
44  57  558.59   90.6397
44  56  565.055   103.449
44  55  561.716   100.959
44  54  537.952   101.005
44  53  534.202   97.4339
44  52  525.969   93.0833
44  51  505.526   95.4166
44  50  501.134   81.1246
44  49  482.335   82.9039
44  48  480.706   91.9058
44  47  471.059   84.3219
44  46  457.834   84.038
44  45  458.285   94.3339
44  44  454.084   90.8183
44  43  442.693   81.617
44  42  431.739   83.2991
44  41  423.287   86.8946
44  40  421.59   87.2203
44  39  414.258   77.4915
44  38  405.527   78.7647
44  37  408.784   79.9976
44  36  397.943   80.5455
44  35  392.881   77.4608
44  34  389.825   75.0357
44  33  385.915   75.1745
44  32  375.213   77.0609
44  31  368.349   67.4536
44  30  371.393   71.1296
44  29  365.557   68.9373
44  28  368.469   69.214
44  27  361.882   71.5816
44  26  353.506   64.6515
44  25  352.466   68.0165
44  24  338.164   62.4027
44  23  317.096   55.6233
44  22  280.785   65.3403
43  62  544.066   135.307
43  61  618.794   107.875
43  60  621.048   97.6045
43  59  614.356   118.523
43  58  611.271   105.425
43  57  590.682   105.588
43  56  582.353   94.7765
43  55  573.083   112.411
43  54  567.234   110.593
43  53  550.513   108.726
43  52  541.445   107.96
43  51  528.814   100.507
43  50  515.23   99.3468
43  49  512.725   103.881
43  48  499.236   109.347
43  47  490.193   91.5561
43  46  491.513   99.3717
43  45  480.142   78.4017
43  44  463.902   90.9331
43  43  452.534   82.1982
43  42  443.099   88.7184
43  41  435.679   86.8129
43  40  444.668   90.7519
43  39  431.047   85.9323
43  38  421.494   92.1744
43  37  425.946   92.7806
43  36  418.558   89.9224
43  35  415.066   92.8847
43  34  403.447   86.2043
43  33  397.493   89.0732
43  32  393   79.565
43  31  386.849   74.8105
43  30  372.894   85.7259
43  29  370.264   84.3376
43  28  354.001   82.5924
43  27  356.37   73.3905
43  26  353.875   83.4851
43  25  337.489   73.4354
43  24  314.585   72.12
43  23  242.047   71.354
42  62  513.723   122.273
42  61  607.295   105.694
42  60  619.181   108.15
42  59  612.87   132.137
42  58  601.794   118.929
42  57  590.415   112.402
42  56  586.279   113.342
42  55  576.238   108.871
42  54  551.315   91.7716
42  53  552.451   103.672
42  52  538.783   89.8878
42  51  535.975   90.7846
42  50  516.229   96.9044
42  49  507.308   93.9085
42  48  495.996   93.6508
42  47  490.367   98.6257
42  46  486.761   93.9609
42  45  477.801   88.1928
42  44  465.641   81.6639
42  43  455.569   80.0824
42  42  450.186   101.764
42  41  442.277   87.4903
42  40  436.073   86.1111
42  39  427.738   83.6188
42  38  435.968   84.2446
42  37  421.572   87.1812
42  36  429.838   84.6547
42  35  409.878   80.6669
42  34  410.752   88.147
42  33  407.781   90.3874
42  32  402.633   82.0953
42  31  393.34   85.3284
42  30  388.275   84.7409
42  29  384.67   79.2693
42  28  365.93   82.7009
42  27  357.849   82.2419
42  26  354.943   70.0087
42  25  336.474   76.1596
42  24  266.649   83.0454
41  62  566.659   133.194
41  61  597.459   111.654
41  60  622.775   119.028
41  59  614.487   112.265
41  58  610.517   104.302
41  57  606.812   110.37
41  56  590.803   105.093
41  55  580.956   115.811
41  54  565.755   107.977
41  53  547.19   100.144
41  52  547.803   98.0074
41  51  547.11   98.4944
41  50  535.381   120.014
41  49  514.828   104.209
41  48  512.693   94.8751
41  47  503.349   105.947
41  46  486.227   102.249
41  45  482.598   94.8016
41  44  480.611   95.7585
41  43  470.067   98.3426
41  42  464.264   95.4581
41  41  449.908   92.9106
41  40  450.627   97.3351
41  39  446.139   81.1442
41  38  436.549   91.4645
41  37  430.136   86.3851
41  36  432.283   90.9886
41  35  424.752   89.4131
41  34  419.091   94.7404
41  33  410.346   98.8355
41  32  400.806   90.7257
41  31  410.912   96.4321
41  30  395.036   91.1406
41  29  397.772   81.7549
41  28  376.807   92.4817
41  27  369.82   85.9711
41  26  334.332   80.6737
41  25  270.556   80.7002
40  62  544.409   111.719
40  61  604.058   120.275
40  60  626.918   122.709
40  59  628.65   105.59
40  58  588.126   95.484
40  57  604.852   110.39
40  56  578.612   100.393
40  55  571.643   100.287
40  54  538.525   86.9539
40  53  543.138   84.9812
40  52  539.938   87.686
40  51  511.225   79.9091
40  50  513.526   70.9616
40  49  498.672   79.7559
40  48  506.19   100.476
40  47  496.517   85.0983
40  46  483.074   89.7036
40  45  482.121   83.0674
40  44  467.29   80.7327
40  43  469.12   80.6543
40  42  456.484   86.2106
40  41  448.522   89.2923
40  40  439.612   92.3333
40  39  432.885   81.4739
40  38  435.557   77.864
40  37  432.463   78.3781
40  36  425.126   83.772
40  35  416.853   76.5026
40  34  412.715   83.0593
40  33  397.778   68.9485
40  32  402.786   70.0407
40  31  392.54   66.6813
40  30  392.422   72.6939
40  29  381.325   70.8567
40  28  380.056   71.5883
40  27  357.986   71.2338
40  26  290.362   70.6088
39  62  565.067   133.383
39  61  628.883   118.893
39  60  625.104   112.349
39  59  625.224   102.37
39  58  603.309   107.335
39  57  602.908   99.7054
39  56  581.923   93.668
39  55  569.928   92.0528
39  54  588.859   114.519
39  53  551.662   104.389
39  52  564.803   95.5134
39  51  551.069   97.6062
39  50  533.079   89.937
39  49  518.19   93.1887
39  48  513.207   93.0491
39  47  510.083   81.3753
39  46  508.906   93.3026
39  45  500.465   96.5131
39  44  474.054   92.5086
39  43  468.32   85.581
39  42  473.743   101.09
39  41  467.849   94.1426
39  40  467.917   96.4432
39  39  455.527   89.0726
39  38  457.172   80.3694
39  37  446.931   80.4749
39  36  441.085   83.9026
39  35  438.627   83.0733
39  34  418.496   83.8533
39  33  420.816   80.5045
39  32  414.378   80.5137
39  31  405.946   73.8515
39  30  402.08   77.3181
39  29  398.844   83.612
39  28  366.237   72.753
39  27  293.889   73.964
38  62  556.705   123.41
38  61  615.308   112.876
38  60  611.271   117.262
38  59  622.824   111.771
38  58  597.95   110.93
38  57  584.541   113.298
38  56  572.7   103.881
38  55  552.659   95.4332
38  54  554.968   114.321
38  53  526.879   118.836
38  52  523.799   96.8096
38  51  517.974   113.843
38  50  504.311   106.622
38  49  505.682   124.322
38  48  489.289   87.0288
38  47  487.043   109.198
38  46  460.305   93.1427
38  45  462.739   105.014
38  44  451.442   111.894
38  43  450.22   103.548
38  42  424.32   86.0815
38  41  428.57   95.3693
38  40  431.208   90.309
38  39  414.173   92.1086
38  38  420.53   87.3557
38  37  407.647   91.0133
38  36  400.425   75.9099
38  35  404.333   78.3759
38  34  385.869   80.9004
38  33  386.219   81.5599
38  32  384.228   89.9647
38  31  368.389   76.4837
38  30  361.33   60.2397
38  29  337.789   71.9855
38  28  280.45   88.8724
37  62  555.144   137.712
37  61  611.813   106.39
37  60  635.807   129.873
37  59  602.877   108.896
37  58  606.455   115.254
37  57  596.72   117.866
37  56  578.891   125.984
37  55  562.764   106.043
37  54  530.492   108.09
37  53  563.889   113.422
37  52  531.432   118.474
37  51  528.729   125.248
37  50  509.718   118.133
37  49  494.144   96.1471
37  48  498.943   94.5594
37  47  491.957   115.685
37  46  479.349   110.853
37  45  473.677   107.48
37  44  454.756   96.7329
37  43  461.49   106.902
37  42  444.21   99.1521
37  41  441.153   100.973
37  40  445.811   91.6842
37  39  422.392   84.0089
37  38  421.496   93.9421
37  37  424.24   97.9801
37  36  412.222   91.4205
37  35  405.164   86.447
37  34  408.254   85.4426
37  33  382.724   95.6205
37  32  389.517   90.2212
37  31  369.317   91.9566
37  30  356.847   87.0189
37  29  308.299   85.2093
37  28  225.753   107.648
36  62  569.032   173.643
36  61  622.086   105.536
36  60  621.105   116.864
36  59  625.336   114.849
36  58  605.942   111.332
36  57  603.825   109.357
36  56  585.604   91.8125
36  55  570.89   101.085
36  54  563.473   104.246
36  53  550.52   101.902
36  52  533.301   95.928
36  51  529.128   108.229
36  50  533.004   106.852
36  49  513.736   106.355
36  48  500.292   96.7912
36  47  497.624   97.3352
36  46  484.648   102.532
36  45  475.873   95.8662
36  44  468.019   99.7867
36  43  475.015   94.8941
36  42  447.247   97.1328
36  41  455.754   87.4145
36  40  433.044   85.0544
36  39  437.877   87.029
36  38  429.56   86.5427
36  37  417.922   95.1222
36  36  413.75   98.6136
36  35  411.485   83.4321
36  34  408.789   86.4837
36  33  406.012   82.0265
36  32  380.584   75.0776
36  31  361.464   81.4337
36  30  328.316   89.8403
36  29  239.846   158.629
35  62  539.415   132.681
35  61  608.669   117.236
35  60  613.834   120.059
35  59  619.412   115.265
35  58  602.919   114.763
35  57  606.59   115.93
35  56  580.239   103.28
35  55  577.074   109.697
35  54  564.818   115.4
35  53  552.019   104.142
35  52  544.813   109.705
35  51  538.217   93.8337
35  50  524.109   100.151
35  49  510.809   96.7899
35  48  511.3   96.1698
35  47  501.951   104.136
35  46  490.578   104.922
35  45  480.414   100.056
35  44  468.937   96.6774
35  43  465.258   104.343
35  42  455.511   88.6399
35  41  445.949   87.1157
35  40  440.617   95.192
35  39  448.388   93.2007
35  38  436.886   87.275
35  37  419.912   91.1289
35  36  426.386   92.8125
35  35  418.295   95.2456
35  34  403.116   97.4959
35  33  401.901   87.6619
35  32  375.484   86.395
35  31  329.543   88.3293
35  30  246.522   110.814
34  62  535.724   151.832
34  61  602.446   127.059
34  60  632.362   100.636
34  59  624.65   115.021
34  58  618.179   108.556
34  57  605.526   106.248
34  56  590.103   126.575
34  55  585.239   123.081
34  54  563.987   106.774
34  53  552.073   104.141
34  52  551.236   108.671
34  51  525.173   101.759
34  50  519.969   90.0827
34  49  517.604   93.3958
34  48  511.657   109.011
34  47  498.325   98.8702
34  46  488.102   86.9767
34  45  485.023   93.7164
34  44  487.556   89.888
34  43  476.592   103.903
34  42  469.281   94.9749
34  41  449.649   90.6052
34  40  448.569   90.8645
34  39  450.717   91.4784
34  38  439.395   108.749
34  37  427.808   93.8023
34  36  418.981   90.602
34  35  431.019   90.2542
34  34  411.923   89.33
34  33  382.454   80.9137
34  32  351.51   89.3033
34  31  237.883   94.1711
33  62  550.18   147.604
33  61  606.285   119.012
33  60  624.602   111.973
33  59  598.647   98.9132
33  58  598.208   109.685
33  57  595.333   105.033
33  56  596.724   113.824
33  55  583.638   109.024
33  54  563.116   112.147
33  53  558.445   107.268
33  52  540.267   97.6896
33  51  535.018   93.7901
33  50  537.932   113.093
33  49  509.185   96.0791
33  48  501.35   92.3187
33  47  492.947   97.5435
33  46  488.87   96.0833
33  45  488.206   93.2593
33  44  466.725   84.7674
33  43  471.421   89.4166
33  42  462.995   92.5563
33  41  457.743   86.4554
33  40  442.547   91.3586
33  39  438.864   86.827
33  38  431.027   80.035
33  37  433.178   90.7024
33  36  422.804   86.9441
33  35  414.759   77.5892
33  34  395.995   81.8841
33  33  359.563   85.3691
33  32  271.045   86.1364
32  62  523.462   157.644
32  61  616.975   122.614
32  60  623.773   113.212
32  59  607.538   116.807
32  58  606.221   111.773
32  57  577.265   91.3889
32  56  582.461   102.135
32  55  573.322   104.277
32  54  551.462   104.83
32  53  546.534   98.1745
32  52  539.692   93.866
32  51  527.439   104.034
32  50  514.155   94.2015
32  49  506.327   91.9102
32  48  493.802   92.6764
32  47  499.413   93.7303
32  46  474.799   82.8064
32  45  474.344   92.1095
32  44  467.821   87.5727
32  43  462.782   81.9066
32  42  455.24   85.0061
32  41  451.753   85.905
32  40  443.24   93.8789
32  39  437.879   74.1451
32  38  440.839   87.3922
32  37  425.844   82.7639
32  36  417.631   78.9396
32  35  404.975   85.4142
32  34  365.651   75.425
32  33  276.772   88.684
31  62  557.801   165.882
31  61  612.991   117.813
31  60  621.465   123.967
31  59  622.474   105.925
31  58  599.126   106.72
31  57  588.767   94.8422
31  56  589.613   116.257
31  55  565.686   91.4338
31  54  583.873   119.509
31  53  568.594   106.128
31  52  554.168   106.434
31  51  537.133   113.528
31  50  538.559   101.685
31  49  514.077   100.907
31  48  516.3   96.2528
31  47  506.758   88.0099
31  46  490.95   94.9136
31  45  483.371   89.9863
31  44  476.794   98.7692
31  43  483.46   78.6028
31  42  470.345   99.5449
31  41  461.079   94.2421
31  40  454.542   87.5488
31  39  456.078   96.6276
31  38  444.716   99.5655
31  37  427.329   82.0788
31  36  422.203   92.8699
31  35  389.752   83.1042
31  34  288.555   84.8973
30  62  541.665   119.518
30  61  614.393   104.5
30  60  640.759   128.652
30  59  620.462   110.695
30  58  605.623   99.6218
30  57  600.932   109.362
30  56  581.417   118.399
30  55  582.854   111.245
30  54  572.825   100.915
30  53  548.807   104.332
30  52  540.489   90.9527
30  51  547.153   100.544
30  50  540.715   87.4046
30  49  534.523   107.411
30  48  516.864   113.685
30  47  507.086   110.129
30  46  487.63   83.1885
30  45  489.977   95.8702
30  44  482.773   88.8189
30  43  469.756   83.3216
30  42  465.266   97.0679
30  41  467.374   93.4659
30  40  470.459   102.551
30  39  457.331   89.1464
30  38  446.718   87.0145
30  37  431.634   87.0445
30  36  401.701   93.4681
30  35  297.722   104.935
29  62  544.217   142.04
29  61  609.922   105.739
29  60  610.77   139.738
29  59  607.29   93.5482
29  58  601.605   109.967
29  57  588.527   96.1351
29  56  583.831   112.399
29  55  572.65   107.869
29  54  545.606   97.5229
29  53  547.108   100.469
29  52  542.342   99.3764
29  51  519.299   87.6201
29  50  521.264   110.059
29  49  523.748   95.8356
29  48  506.693   106.96
29  47  496.731   89.5763
29  46  476.965   91.8459
29  45  465.278   86.4341
29  44  475.008   84.0302
29  43  461.522   86.6811
29  42  469.016   92.8654
29  41  464.39   95.9937
29  40  459.376   81.1702
29  39  439.083   79.7758
29  38  439.24   88.0755
29  37  409.985   87.0094
29  36  334.973   86.189
28  62  568.983   187.7
28  61  629.93   115.2
28  60  627.865   115.555
28  59  627.814   118.954
28  58  592.603   115.763
28  57  606.707   125.12
28  56  581.423   115.601
28  55  572.925   107.154
28  54  560.764   111.328
28  53  554.969   110.017
28  52  544.876   108.328
28  51  541.476   110.424
28  50  536.984   120.7
28  49  522.283   103.786
28  48  513.266   114.332
28  47  509.487   104.409
28  46  511.119   105.166
28  45  494.931   106.483
28  44  482.628   113.667
28  43  476.096   102.217
28  42  474.142   105.593
28  41  455.417   108.154
28  40  458.228   107.021
28  39  441.64   105.835
28  38  404.695   90.9445
28  37  326.623   108.92
27  62  556.171   130.8
27  61  609.129   118.092
27  60  626.784   107.806
27  59  618.462   111.234
27  58  600.004   107.052
27  57  590.181   115.097
27  56  574.708   93.3966
27  55  572.296   94.7892
27  54  552.629   115.458
27  53  553.999   96.5476
27  52  540.265   99.8307
27  51  530.171   91.5083
27  50  534.618   108.337
27  49  511.516   86.4412
27  48  515.029   96.3496
27  47  501.083   89.7514
27  46  481.452   84.2847
27  45  487.629   92.0305
27  44  486.855   103.039
27  43  476   86.4966
27  42  468.844   95.207
27  41  462.823   83.0808
27  40  457.683   76.773
27  39  417.301   83.6152
27  38  379.677   106.189
26  62  535.329   140.009
26  61  616.657   104.422
26  60  610.473   174.154
26  59  621.434   138.003
26  58  603.155   142.257
26  57  598.965   111.124
26  56  578.477   103.895
26  55  592.234   126.555
26  54  566.55   120.521
26  53  550.28   87.4757
26  52  548.531   114.983
26  51  546.745   102.223
26  50  522.661   110.705
26  49  529.31   106.754
26  48  527.049   111.933
26  47  518.572   112.699
26  46  511.842   100.489
26  45  498.841   104.502
26  44  479.266   105.175
26  43  468.039   91.693
26  42  485.799   110.075
26  41  450.402   91.893
26  40  441.875   99.1903
26  39  354.079   127.382
26  38  254.769   200
25  62  555.328   165.07
25  61  620.695   124.846
25  60  636.183   192.849
25  59  630.551   124.087
25  58  596.284   100.385
25  57  599.402   110.814
25  56  587.42   115.559
25  55  567.187   102.551
25  54  557.767   120.987
25  53  551.087   107.643
25  52  565.524   118.883
25  51  538.679   110.973
25  50  534.516   104.816
25  49  528.276   112.664
25  48  509.44   103.757
25  47  517.59   141.033
25  46  514.052   96.7868
25  45  490.689   98.8457
25  44  486.318   107.939
25  43  477.004   92.2992
25  42  472.683   108.051
25  41  447.719   106.9
25  40  378.857   98.6545
25  39  282.121   200
24  62  542.157   175.316
24  61  617.582   135.398
24  60  627.363   102.421
24  59  619.976   134.095
24  58  612.955   120.082
24  57  602.679   111.624
24  56  587.329   111.039
24  55  579.115   106.116
24  54  578.006   129.643
24  53  547.767   116.582
24  52  558.953   123.622
24  51  546.418   123.481
24  50  548.563   123.991
24  49  527.052   107.622
24  48  519.938   104.092
24  47  513.231   99.2227
24  46  507.523   103.674
24  45  496.149   109.992
24  44  483.555   100.408
24  43  480.765   117.95
24  42  457.328   95.7005
24  41  390.726   114.446
24  40  284.556   200
23  62  569.308   195.539
23  61  611.868   110.151
23  60  622.684   104.188
23  59  615.652   102.717
23  58  617.184   105.65
23  57  609.667   100.904
23  56  594.494   108.952
23  55  579.258   98.3178
23  54  574.718   103.838
23  53  563.485   95.6398
23  52  555.11   95.6329
23  51  537.696   90.8007
23  50  531.682   97.7087
23  49  529.977   88.9969
23  48  504.216   89.7877
23  47  512.239   105.383
23  46  504.179   96.1069
23  45  503.648   89.2779
23  44  491.957   97.9457
23  43  477.326   84.9361
23  42  425.589   86.6543
23  41  328.499   200
22  62  555.652   143.288
22  61  606.057   111.693
22  60  631.329   111.555
22  59  605.961   116.396
22  58  612.762   107.666
22  57  601.288   122.661
22  56  595.084   104.329
22  55  570.471   118.798
22  54  575.064   114.506
22  53  564.373   114.23
22  52  538.393   99.4806
22  51  541.628   113.536
22  50  539.114   108.466
22  49  521.425   103.322
22  48  502.793   95.1985
22  47  513.463   111.508
22  46  497.877   107.434
22  45  494.313   112.416
22  44  463.395   97.8485
22  43  435.524   98.5683
22  42  312.062   164.522
21  62  526.769   120.744
21  61  620.776   123.074
21  60  626.208   118.35
21  59  614.875   106.121
21  58  604.803   110.548
21  57  603.744   114.093
21  56  588.087   96.6928
21  55  576.469   102.468
21  54  560.541   91.5013
21  53  562.528   93.6515
21  52  544.935   97.6448
21  51  554.559   88.09
21  50  544.784   107.219
21  49  534.743   103.585
21  48  521.674   89.5207
21  47  507.61   96.762
21  46  495.227   94.6031
21  45  485.832   84.3408
21  44  451.698   85.0714
21  43  344.44   129.295
20  62  535.364   113.283
20  61  591.78   104.615
20  60  625.012   113.475
20  59  620.277   105.718
20  58  625.433   108.424
20  57  602.072   102.91
20  56  603.265   117.648
20  55  591.193   133.634
20  54  572.189   100.59
20  53  585.879   116.011
20  52  565.862   104.561
20  51  553.485   113.253
20  50  543.958   114.009
20  49  532.684   104.146
20  48  528.714   103.944
20  47  521.811   102.028
20  46  497.613   111.68
20  45  454.213   97.0999
20  44  342.867   125.899
19  62  542.788   177.385
19  61  617.16   106.542
19  60  644.442   109.79
19  59  619.362   113.089
19  58  611.793   105.155
19  57  592.953   105.655
19  56  583.219   109.825
19  55  582.061   111.735
19  54  586.604   104.132
19  53  582.702   97.0422
19  52  557.864   97.7329
19  51  550.69   107.742
19  50  531.358   99.4986
19  49  518.209   92.1209
19  48  520.494   94.7901
19  47  511.578   93.2004
19  46  472.161   75.5691
19  45  349.167   106.784
18  62  553.802   166.394
18  61  616.088   110.299
18  60  627.919   106.906
18  59  615.368   107.374
18  58  610.625   129.287
18  57  607.043   108.917
18  56  593.506   103.271
18  55  566.646   99.72
18  54  581.24   117.13
18  53  569.289   111.37
18  52  551.444   104.28
18  51  554.797   120.249
18  50  535.344   106.734
18  49  530.223   100.109
18  48  517.06   103.276
18  47  478.264   102.575
18  46  361.313   112.804
17  62  569.334   178.924
17  61  603.599   113.554
17  60  632.348   141.399
17  59  618.789   122.949
17  58  614.272   133.123
17  57  603.768   122.686
17  56  591.705   113.411
17  55  584.233   106.13
17  54  553.622   119.088
17  53  560.743   107.998
17  52  560.104   110.445
17  51  541.331   108.978
17  50  532.648   105.827
17  49  519.368   100.075
17  48  475.277   105.218
17  47  386.206   135.986
16  62  562.735   130.533
16  61  611.987   103.424
16  60  634.399   127.942
16  59  615.622   134.408
16  58  609.437   131.818
16  57  598.644   119.415
16  56  596.833   124.167
16  55  579.877   98.8793
16  54  578.981   121.652
16  53  562.791   104.098
16  52  551.668   99.1926
16  51  555.768   107.163
16  50  536.097   99.4312
16  49  505.233   95.073
16  48  413.679   127.9
15  62  559.488   200
15  61  614.609   134.725
15  60  614.75   147.777
15  59  592.069   116.613
15  58  593.52   113.858
15  57  617.923   132.862
15  56  593.136   104.591
15  55  593.327   132.477
15  54  554.712   108.349
15  53  557.768   117.47
15  52  546.224   100.238
15  51  511.17   104.126
15  50  486.081   126.559
15  49  391.427   155.734
14  62  543.563   200
14  61  597.83   153.97
14  60  607.011   112.677
14  59  589.51   130.864
14  58  603.143   141.889
14  57  586.134   112.368
14  56  589.869   122.457
14  55  556.272   115.355
14  54  545.766   125.336
14  53  537.814   120.34
14  52  503.485   103.893
14  51  490.838   108.911
14  50  433.794   135.702
13  62  516.211   200
13  61  621.414   121.364
13  60  613.476   121.011
13  59  614.861   115.242
13  58  594.969   122.957
13  57  611.286   126.09
13  56  587.803   115.009
13  55  579.706   108.284
13  54  567.514   189.556
13  53  570.767   109.135
13  52  534.351   100.405
13  51  471.986   117.362
12  62  541.164   200
12  61  606.937   112.139
12  60  627.468   120.838
12  59  620.133   127.998
12  58  612.22   126.925
12  57  596.264   107.127
12  56  576.071   118.379
12  55  568.757   88.6433
12  54  553.345   117.29
12  53  530.474   122.024
12  52  467.701   98.9852
12  51  370.576   200
11  62  569.894   200
11  61  633.733   132.938
11  60  626.877   128.968
11  59  630.577   123.943
11  58  603.812   119.959
11  57  610.832   136.192
11  56  585.483   108.855
11  55  592.108   113.411
11  54  560.687   175.782
11  53  506.246   114.825
11  52  360.848   200
10  62  556.349   200
10  61  613.673   122.337
10  60  615.116   117.795
10  59  621.076   95.3635
10  58  616.618   110.099
10  57  597.732   111.656
10  56  584.721   116.828
10  55  571.826   102.696
10  54  526.151   117.415
10  53  377.126   200
9  62  604.838   200
9  61  634.645   102.458
9  60  651.482   121.161
9  59  653.22   117.289
9  58  643.644   113.901
9  57  638.774   108.153
9  56  627.527   104.738
9  55  556.596   109.265
9  54  473.947   200
8  62  513.331   200
8  61  615.78   120.738
8  60  614.762   109.4
8  59  638.916   112.156
8  58  624.428   118.842
8  57  592.07   101.312
8  56  538.097   91.6096
8  55  404.625   200
7  62  543.583   190.881
7  61  585.248   99.2885
7  60  592.599   106.554
7  59  568.317   108.671
7  58  547.146   113.558
7  57  507.686   78.0744
7  56  400.327   171.546
6  62  513.413   200
6  61  603.749   115.382
6  60  592.329   111.66
6  59  575.774   105.941
6  58  546.223   101.47
6  57  409.635   200
5  62  555.374   200
5  61  602.472   129.857
5  60  598.68   118.928
5  59  575.378   109.512
5  58  462.815   200
4  62  557.417   200
4  61  612.255   172.177
4  60  559.91   142.96
4  59  463.295   145.967
3  62  607.254   200
3  61  643.647   166.39
3  60  589.173   200
2  62  699.548   200
2  61  686.654   200
1  62  697.359   200
