1    649.999    0    0
2    650    0    0
3    650    -0.009    0
4    649.999    -0.009    1.93149e-06
5    650    -0.00801699    8.76675e-05
6    649.997    -0.00623968    0.000302329
7    340.778    -0.009    309.219
8    649.999    -0.0043121    0.000377238
9    649.999    -0.00346502    0.00143926
10    398.078    -0.00769037    251.921
11    650    -0.00377885    1.89698e-06
12    544.963    -0.00485653    105.037
13    385.075    -0.00760033    264.925
14    466.667    -0.0051891    183.333
15    502.588    -0.0046213    147.411
16    354.947    -0.00893902    295.051
17    416.919    -0.00575122    233.081
18    622.522    -0.00355964    27.4782
19    473.747    -0.00479221    176.253
20    419.015    -0.00661146    230.986
21    431.086    -0.00632476    218.913
22    495.899    -0.00460595    154.101
23    431.082    -0.00608546    218.917
24    544.989    -0.00412553    105.011
25    458.855    -0.00546964    191.145
26    473.978    -0.00509194    176.023
27    567.488    -0.00400417    82.5119
28    465.664    -0.00537365    184.336
29    466.68    -0.00571542    183.32
30    491.856    -0.00500545    158.143
31    467.966    -0.00542119    182.034
32    526.576    -0.00436994    123.424
33    442.243    -0.00564976    207.756
34    421.394    -0.00628062    228.605
35    456.714    -0.00558403    193.288
36    468.617    -0.00462673    181.383
37    446.463    -0.00574775    203.535
38    502.391    -0.00465036    147.609
39    507.667    -0.00438989    142.333
40    469.143    -0.00463991    180.854
41    452.932    -0.00537878    197.068
42    479.858    -0.00481807    170.139
43    465.94    -0.0047343    184.061
44    503.826    -0.00474581    146.175
45    508.082    -0.00480455    141.918
46    501.815    -0.00488749    148.186
47    494.762    -0.00511784    155.238
48    474.171    -0.00477801    175.83
49    471.352    -0.00510421    178.649
50    478.779    -0.00502093    171.221
51    499.851    -0.00463068    150.149
52    500.816    -0.00461752    149.184
53    500.374    -0.00472773    149.624
54    490.221    -0.00519042    159.782
55    478.364    -0.00518683    171.635
56    480.926    -0.00429431    169.072
57    488.065    -0.00478429    161.935
58    477.203    -0.00487859    172.796
59    481.452    -0.00535634    168.548
60    482.742    -0.0052177    167.261
61    481.705    -0.00524399    168.297
62    407.864    -0.00628363    242.133
