62  67  591.564   127.282
62  66  557.951   116.12
62  65  534.344   112.294
62  64  535.438   118.36
62  63  518.181   113.395
62  62  495.354   114.751
62  61  494.976   115.578
62  60  485.477   115.944
62  59  479.329   103.97
62  58  453.774   103.258
62  57  435.667   99.3436
62  56  424.129   94.3827
62  55  413.679   84.7042
62  54  408.813   96.7306
62  53  400.663   87.9466
62  52  382.411   79.0219
62  51  375.137   80.3321
62  50  362.436   73.2312
62  49  372.982   73.9892
62  48  368.527   80.0712
62  47  363.102   70.8969
62  46  353.191   65.6113
62  45  351.819   97.4735
62  44  353.683   75.9336
62  43  364.031   77.2918
62  42  342.475   70.0959
62  41  337.433   73.1078
62  40  352.01   76.3235
62  39  328.989   58.5745
62  38  313.878   54.9837
62  37  328.915   75.2131
62  36  320.427   68.9134
62  35  321.548   58.2919
62  34  329.785   72.2471
62  33  322.037   55.4519
62  32  333.314   58.6742
62  31  319.5   57.5695
62  30  316.839   59.2538
62  29  315.285   73.5662
62  28  300.042   58.0751
62  27  306.83   57.1849
62  26  303.236   67.5388
62  25  299.931   63.2467
62  24  303.372   50.9943
62  23  286.478   49.5438
62  22  308.853   50.7084
62  21  300.097   47.7089
62  20  299.896   45.2919
62  19  289.741   52.4911
62  18  289.023   53.2151
62  17  280.859   47.8384
62  16  288.384   46.0694
62  15  287.069   44.1159
62  14  272.504   43.7504
62  13  287.452   47.2631
62  12  275.495   54.9623
62  11  282.48   58.8801
62  10  274.152   57.7349
62  9  265.94   67.6996
62  8  277.471   47.2515
62  7  275.177   45.9424
62  6  272.111   38.9012
62  5  262.927   45.2039
62  4  255.932   45.004
62  3  250.145   40.4825
62  2  257.671   54.1593
62  1  239.617   74.3987
61  68  610.315   135.462
61  67  611.212   121.262
61  66  589.039   110.333
61  65  560.413   113.122
61  64  542.751   104.895
61  63  522.779   105.75
61  62  507.544   99.7358
61  61  481.142   99.8678
61  60  473.936   98.7223
61  59  460.102   101.993
61  58  442.612   91.0401
61  57  434.058   95.5362
61  56  422.609   89.3798
61  55  412.082   91.8745
61  54  395.416   87.9652
61  53  379.704   88.9174
61  52  363.243   79.486
61  51  372.063   81.6064
61  50  348.226   79.5697
61  49  352.548   71.0411
61  48  347.329   80.0631
61  47  341.17   71.1079
61  46  343.751   73.7366
61  45  335.629   81.8116
61  44  332.768   64.9063
61  43  327.931   76.8895
61  42  321.377   66.6508
61  41  316.305   70.4832
61  40  316.23   67.9468
61  39  302.522   66.4939
61  38  308.933   71.6005
61  37  305.826   64.1681
61  36  298.231   68.3771
61  35  300.626   65.5468
61  34  287.733   65.1542
61  33  292.392   64.7692
61  32  289.083   61.1929
61  31  279.082   60.3158
61  30  282.936   58.8057
61  29  280.772   65.1989
61  28  275.182   58.7851
61  27  273.796   58.937
61  26  270.373   63.7789
61  25  260.825   59.6059
61  24  262.599   61.0434
61  23  259.708   52.1351
61  22  257.915   51.5791
61  21  254.672   53.8378
61  20  253.964   52.4795
61  19  254.901   50.6889
61  18  253.367   57.7634
61  17  247.098   51.4892
61  16  247.796   50.9211
61  15  243.172   54.243
61  14  245.799   50.9698
61  13  234.9   48.7475
61  12  240.551   48.9027
61  11  242.618   54.3762
61  10  232.069   49.7311
61  9  234.579   50.9866
61  8  236.397   48.7246
61  7  225.112   44.4965
61  6  223.375   50.1935
61  5  219.525   48.7528
61  4  213.368   41.996
61  3  211.172   45.6772
61  2  207.348   50.2612
60  68  574.708   128.761
60  67  612.937   114.483
60  66  584.693   118.52
60  65  561.089   103.667
60  64  540.284   109.905
60  63  530.243   100.87
60  62  518.898   102.716
60  61  498.79   97.3214
60  60  479.368   91.0926
60  59  463.581   96.5081
60  58  448.401   85.0604
60  57  436.108   87.1965
60  56  421.74   85.2031
60  55  401.933   89.8291
60  54  390.325   82.5881
60  53  378.737   81.6023
60  52  364.523   81.5281
60  51  368.494   74.8416
60  50  358.103   74.6679
60  49  362.888   77.0292
60  48  345.087   75.6796
60  47  346.036   68.8949
60  46  343.419   79.803
60  45  334.3   71.5192
60  44  326.381   59.4019
60  43  319.554   62.108
60  42  320.9   64.6116
60  41  317.891   67.6945
60  40  319.566   72.6389
60  39  315.267   66.4826
60  38  306.177   72.4666
60  37  303.23   67.5034
60  36  296.649   64.7229
60  35  300.888   69.2785
60  34  292.29   64.6543
60  33  293.999   60.9115
60  32  289.214   64.384
60  31  284.114   63.6196
60  30  286.125   56.486
60  29  277.943   60.417
60  28  282.405   59.7289
60  27  274.085   57.0532
60  26  270.252   54.6747
60  25  264.008   56.9198
60  24  262.661   56.3733
60  23  266.174   55.246
60  22  259.157   56.0164
60  21  260.16   57.8392
60  20  257.541   51.1518
60  19  251.183   54.6813
60  18  254.451   53.9381
60  17  251.896   46.9038
60  16  245.127   54.489
60  15  243.656   46.4972
60  14  245.139   51.9118
60  13  239.224   45.2376
60  12  240.052   48.7131
60  11  236.618   49.7426
60  10  233.267   43.2187
60  9  234.044   47.9267
60  8  229.955   42.2088
60  7  227.48   46.6445
60  6  224.372   49.3593
60  5  220.798   46.8866
60  4  213.298   46.1071
60  3  210.69   52.6154
60  2  125.665   91.8058
59  68  547.176   135.202
59  67  621.747   118.801
59  66  591.512   115.076
59  65  566.315   118.041
59  64  547.691   113.135
59  63  530.085   101.582
59  62  509.824   107.019
59  61  498.275   98.7503
59  60  473.89   95.227
59  59  455.178   94.6286
59  58  436.192   90.7011
59  57  421.567   90.2707
59  56  412.631   81.6379
59  55  403.201   85.0653
59  54  388.237   84.5658
59  53  375.286   82.0146
59  52  369.379   70.7555
59  51  364.569   70.9765
59  50  367.02   78.2124
59  49  346.743   73.5282
59  48  349.429   75.1438
59  47  337.954   69.0597
59  46  340.897   70.6801
59  45  331.406   66.6451
59  44  334.468   70.0927
59  43  325.144   75.6459
59  42  318.35   70.9208
59  41  312.02   68.5951
59  40  313.47   67.248
59  39  306.622   60.2903
59  38  311.398   66.9156
59  37  300.194   66.3958
59  36  298.14   66.8945
59  35  290.345   63.69
59  34  287.703   68.3662
59  33  280.429   61.8474
59  32  282.888   57.8358
59  31  288.272   62.8455
59  30  282.352   55.0033
59  29  277.478   53.8867
59  28  281.902   57.9437
59  27  276.042   59.1739
59  26  271.103   52.4882
59  25  261.963   61.3688
59  24  264.125   57.8222
59  23  259.021   54.7813
59  22  256.611   53.0772
59  21  260.283   59.3013
59  20  260.25   48.9391
59  19  247.358   50.0515
59  18  249.145   50.9787
59  17  250.475   51.2959
59  16  244.791   46.2688
59  15  248.146   47.2243
59  14  239.902   51.5231
59  13  238.211   52.1901
59  12  235.301   47.2827
59  11  229.984   50.4534
59  10  228.17   41.9055
59  9  226.248   42.5304
59  8  229.704   45.9023
59  7  229.795   44.2752
59  6  222.905   42.9399
59  5  222.292   44.2872
59  4  206.959   60.138
58  68  590.923   118.976
58  67  623.266   113.892
58  66  595.17   112.39
58  65  574.752   112.63
58  64  558.561   111.798
58  63  542.778   105.286
58  62  525.082   99.1955
58  61  504.781   91.8271
58  60  489.077   87.0263
58  59  476.001   86.707
58  58  456.455   86.8715
58  57  442.883   87.0426
58  56  431.107   86.0546
58  55  420.254   87.5003
58  54  410.424   81.3509
58  53  394.467   79.092
58  52  385.464   78.3668
58  51  370.106   70.9275
58  50  374.519   72.0062
58  49  348.018   77.3448
58  48  365.219   76.387
58  47  359.836   74.2758
58  46  358.885   76.9065
58  45  358.937   69.0331
58  44  347.814   70.9592
58  43  341.089   76.1342
58  42  334.951   71.5771
58  41  336.876   66.1936
58  40  326.531   56.3053
58  39  325.771   57.166
58  38  324.648   66.6612
58  37  319.583   67.4246
58  36  316.7   69.8304
58  35  310.736   65.561
58  34  312.102   62.5686
58  33  306.684   65.0654
58  32  306.003   65.3147
58  31  305.761   69.1032
58  30  301.692   60.125
58  29  295.635   59.9231
58  28  294.875   64.7175
58  27  295.251   61.8365
58  26  289.94   65.5518
58  25  286.1   54.6157
58  24  283.465   59.5425
58  23  282.243   56.6944
58  22  277.082   55.3179
58  21  273.447   58.3566
58  20  273.375   56.1391
58  19  269.261   51.9612
58  18  263.889   53.4541
58  17  265.948   52.3647
58  16  262.568   52.8094
58  15  262.608   52.5633
58  14  256.915   59.1772
58  13  248.368   56.3246
58  12  249.033   52.0481
58  11  251.798   42.9061
58  10  245.145   56.663
58  9  245.241   44.5611
58  8  246.184   49.1768
58  7  237.201   44.1596
58  6  232.83   50.5111
58  5  202.743   48.246
58  4  162.487   82.8164
57  68  553.572   144.48
57  67  626.847   115.102
57  66  601.174   114.729
57  65  577.659   108.5
57  64  552.173   107.057
57  63  538.353   112.739
57  62  516.904   95.8586
57  61  500.172   97.7544
57  60  476.107   93.6054
57  59  462.428   91.1623
57  58  449.974   84.4352
57  57  439.284   90.0955
57  56  431.705   87.3772
57  55  420.902   89.5079
57  54  406.619   86.4654
57  53  392.787   78.0456
57  52  389.183   90.3108
57  51  378.605   82.1797
57  50  372.865   68.0783
57  49  377.697   80.689
57  48  343.978   74.2884
57  47  346.177   69.7532
57  46  353.345   79.3184
57  45  347.8   67.9161
57  44  342.571   70.1946
57  43  342.392   77.3987
57  42  337.181   67.596
57  41  334.401   81.8447
57  40  329.084   62.3133
57  39  334.408   57.7242
57  38  308.594   70.2136
57  37  320.369   70.3343
57  36  309.742   66.3252
57  35  304.793   67.1856
57  34  307.103   63.5613
57  33  306.679   58.9084
57  32  305.796   65.7737
57  31  298.69   58.1705
57  30  291.702   67.2871
57  29  295.538   59.1755
57  28  289.254   61.2322
57  27  283.991   58.2896
57  26  275.289   60.2767
57  25  276.265   63.6096
57  24  274.807   61.2434
57  23  269.168   56.8426
57  22  267.763   55.0063
57  21  269.85   54.5176
57  20  266.842   56.1279
57  19  262.387   53.3508
57  18  260.112   52.9933
57  17  255.229   54.0975
57  16  255.244   55.1775
57  15  253.404   54.6551
57  14  251.02   55.8716
57  13  252.364   47.3846
57  12  251.327   45.5341
57  11  240.877   45.9021
57  10  245.339   50.0803
57  9  231.554   44.4633
57  8  231.234   45.9846
57  7  223.551   44.8629
57  6  184.208   63.4805
56  68  595.764   127.501
56  67  623.038   111.173
56  66  596.461   106.206
56  65  577.954   104.581
56  64  562.875   102.918
56  63  543.061   103.822
56  62  536.307   96.1992
56  61  520.745   95.6704
56  60  499.52   91.0344
56  59  490.267   91.9288
56  58  481.046   88.5664
56  57  459.02   85.4736
56  56  447.276   88.9864
56  55  423.79   82.3192
56  54  420.247   81.5576
56  53  410.67   78.1558
56  52  400.134   73.5536
56  51  410.312   76.6568
56  50  390.081   81.4522
56  49  392.781   76.2083
56  48  389.884   79.4097
56  47  369.671   70.605
56  46  378.276   71.5296
56  45  379.253   78.3537
56  44  372.308   75.6681
56  43  361.423   75.0931
56  42  368.606   73.7835
56  41  353.547   77.0374
56  40  352.728   68.0168
56  39  351.099   76.8551
56  38  337.523   67.5925
56  37  336.481   68.7196
56  36  325.05   64.2722
56  35  333.332   67.5632
56  34  328.86   68.0375
56  33  328.766   66.806
56  32  328.629   67.4147
56  31  318.929   66.2609
56  30  319.298   63.7654
56  29  309.7   67.2429
56  28  321.111   65.6067
56  27  304.872   68.2594
56  26  298.579   64.0072
56  25  293.7   62.606
56  24  302.757   64.2155
56  23  292.885   61.0588
56  22  302.445   59.3658
56  21  289.349   57.9517
56  20  284.676   55.4291
56  19  283.664   60.394
56  18  284.268   52.2492
56  17  280.475   55.9285
56  16  271.238   54.9893
56  15  279.236   59.7699
56  14  272.186   55.6671
56  13  273.829   57.07
56  12  264.904   53.4978
56  11  267.625   53.1866
56  10  260.132   52.5919
56  9  258.749   50.2633
56  8  251.122   46.6302
56  7  200.343   49.7256
55  68  555.075   136.641
55  67  621.368   117.521
55  66  602.91   115.39
55  65  579.264   113.982
55  64  547.292   97.4567
55  63  538.674   107.948
55  62  518.249   97.6168
55  61  492.537   101.79
55  60  479.036   90.5969
55  59  456.749   91.7804
55  58  443.097   86.0983
55  57  439.195   87.9594
55  56  419.699   86.1748
55  55  402.537   84.6766
55  54  394.043   81.179
55  53  380.882   83.3431
55  52  374.896   75.9343
55  51  368.266   72.6529
55  50  366.676   78.0225
55  49  348.687   75.2204
55  48  349.592   77.6956
55  47  355.556   68.8991
55  46  348.754   77.0534
55  45  342.948   71.6922
55  44  338.154   68.7133
55  43  340.553   71.1154
55  42  324.738   71.7217
55  41  322.612   63.8138
55  40  316.542   69.0964
55  39  320.594   69.4631
55  38  310.656   70.5037
55  37  304.328   71.1126
55  36  303.029   63.6249
55  35  306.094   62.5018
55  34  297.287   69.5641
55  33  297.418   60.1659
55  32  297.805   61.596
55  31  290.179   61.3909
55  30  295.288   61.8313
55  29  288.641   58.8538
55  28  279.339   59.9037
55  27  280.983   59.0428
55  26  278   56.2399
55  25  279.28   62.3201
55  24  266.508   61.5597
55  23  273.389   57.7684
55  22  260.793   55.489
55  21  265.742   55.7019
55  20  265.947   50.876
55  19  262.74   51.382
55  18  254.309   57.5112
55  17  254.562   50.1417
55  16  252.605   51.0402
55  15  244.239   54.0369
55  14  244.532   53.2974
55  13  241.306   48.613
55  12  243.63   49.0364
55  11  236.297   47.9231
55  10  242.984   51.1781
55  9  224.837   50.9586
55  8  192.243   60.7076
54  68  592.097   124.042
54  67  622.89   126.515
54  66  598.977   115.543
54  65  562.063   99.7383
54  64  549.95   104.696
54  63  534.016   102.611
54  62  512.613   101.715
54  61  495.397   98.2965
54  60  470.026   94.4079
54  59  453.365   87.1499
54  58  435.783   89.2406
54  57  425.859   87.9331
54  56  407.202   83.9417
54  55  394.148   90.7324
54  54  380.881   80.6718
54  53  366.131   81.0271
54  52  363.649   72.4194
54  51  366.778   85.849
54  50  356.777   75.0752
54  49  356.46   76.402
54  48  336.805   76.0049
54  47  345.165   75.0766
54  46  338.737   69.4776
54  45  340.069   76.4724
54  44  325.273   73.1228
54  43  314.851   72.6352
54  42  327.995   70.563
54  41  315.387   73.6937
54  40  319.064   64.8013
54  39  312.07   63.2536
54  38  293.081   68.1394
54  37  302.373   70.4173
54  36  294.527   65.8547
54  35  296.592   71.4882
54  34  291.669   65.1373
54  33  293.53   62.6151
54  32  289.569   57.9264
54  31  287.955   64.203
54  30  278.472   59.2953
54  29  269.936   57.9877
54  28  269.35   64.1767
54  27  267.254   59.0521
54  26  263.864   52.2075
54  25  265.45   63.3677
54  24  265.282   58.9889
54  23  257.858   56.9139
54  22  255.163   61.6813
54  21  249.249   52.8743
54  20  246.577   51.4172
54  19  246.089   52.1815
54  18  244.165   43.5742
54  17  241.767   49.9982
54  16  247.821   50.7037
54  15  235.951   51.1529
54  14  239.229   53.9012
54  13  236.443   51.1786
54  12  226.072   47.662
54  11  224.461   52.5018
54  10  208.98   48.6273
54  9  167.781   72.529
53  68  556.342   145.146
53  67  622.632   118.648
53  66  599.808   118.492
53  65  586.299   118.358
53  64  554.771   110.226
53  63  532.447   107.675
53  62  518.021   102.157
53  61  493.385   104.73
53  60  478.809   93.8305
53  59  458.977   94.559
53  58  448.611   103.01
53  57  434.791   90.786
53  56  421.149   85.1508
53  55  406.457   93.1217
53  54  390.968   86.2113
53  53  380.202   80.4383
53  52  382.204   84.7034
53  51  376.64   79.164
53  50  371.644   88.7213
53  49  356.878   80.4616
53  48  357.257   85.7887
53  47  351.155   80.7355
53  46  346.185   79.2436
53  45  336.183   77.2556
53  44  345.046   74.3635
53  43  337.539   73.0191
53  42  332.058   76.0215
53  41  325.098   73.6212
53  40  321.451   71.581
53  39  322.421   74.1194
53  38  315.09   72.5473
53  37  300.037   75.8039
53  36  304.592   70.2454
53  35  298.974   68.0155
53  34  296.711   69.2938
53  33  299.517   64.0907
53  32  299.347   66.7099
53  31  297.099   61.7186
53  30  295.658   61.4849
53  29  282.501   60.015
53  28  283.062   62.7017
53  27  272.488   69.667
53  26  277.085   63.2802
53  25  272.251   67.4197
53  24  261.679   56.7371
53  23  266.452   58.5513
53  22  262.023   61.4618
53  21  256.521   55.7375
53  20  256.103   56.3746
53  19  246.859   55.0433
53  18  252.524   59.3782
53  17  252.085   52.6075
53  16  244.548   56.1621
53  15  240.52   54.8831
53  14  241.611   51.3513
53  13  238.932   53.3795
53  12  223.251   52.6438
53  11  218.353   54.2171
53  10  164.776   59.0075
52  68  598.941   132.14
52  67  630.272   109.793
52  66  604.296   105.29
52  65  584.211   113.167
52  64  556.133   105.236
52  63  536.567   104.536
52  62  514.568   94.3934
52  61  503.109   100.605
52  60  485.863   91.3482
52  59  473.002   93.3167
52  58  458.725   90.0207
52  57  438.437   95.3957
52  56  430.888   83.2572
52  55  407.089   85.3114
52  54  401.696   82.2989
52  53  387.413   79.7739
52  52  368.298   75.8523
52  51  381.906   72.6778
52  50  371.181   80.0131
52  49  368.137   77.0322
52  48  364.332   84.0644
52  47  355.314   71.183
52  46  356.526   92.4195
52  45  351.999   68.8825
52  44  350.143   66.672
52  43  349.622   73.1261
52  42  339.178   71.2167
52  41  330.088   74.708
52  40  319.035   69.8576
52  39  327.621   67.1097
52  38  320.854   65.261
52  37  316.047   73.6947
52  36  310.702   65.9264
52  35  309.431   64.058
52  34  303.794   69.2843
52  33  302.801   70.8638
52  32  296.986   66.4947
52  31  301.915   64.495
52  30  295.063   61.354
52  29  287.578   60.0814
52  28  287.82   60.9213
52  27  273.472   57.7053
52  26  278.038   56.8636
52  25  269.593   63.1063
52  24  270.512   63.0124
52  23  268.668   61.1276
52  22  265.106   58.73
52  21  267.458   57.0043
52  20  271.553   54.4412
52  19  258.153   52.9335
52  18  253.583   56.4422
52  17  252.411   52.6435
52  16  250.088   53.7764
52  15  247.297   52.6275
52  14  242.722   52.7375
52  13  237.192   50.8076
52  12  215.288   60.8947
52  11  167.217   55.2992
51  68  545.054   131.436
51  67  619.112   114.204
51  66  604.414   109.232
51  65  590.844   106.661
51  64  562.787   105.95
51  63  537.83   107.87
51  62  523.186   101.614
51  61  498.334   92.4792
51  60  483.235   92.7596
51  59  465.369   92.6594
51  58  452.207   90.363
51  57  439.085   84.9007
51  56  425.954   90.0777
51  55  413.082   91.0377
51  54  404.547   89.7138
51  53  389.491   81.1806
51  52  378.749   77.4924
51  51  376.479   84.5886
51  50  371.625   82.3509
51  49  363.207   82.3745
51  48  367.19   83.4173
51  47  351.634   69.0412
51  46  349.431   68.6148
51  45  344.869   80.9671
51  44  343.784   75.6123
51  43  337.222   73.1253
51  42  340.552   73.4705
51  41  331.114   72.4979
51  40  328.028   65.3231
51  39  321.773   70.2195
51  38  326.989   75.5617
51  37  315.878   66.1725
51  36  312.662   67.7835
51  35  309.112   70.5505
51  34  309.11   70.9125
51  33  307.353   58.4541
51  32  299.71   63.3645
51  31  295.559   63.2554
51  30  288.644   60.2155
51  29  290.532   60.4504
51  28  284.482   60.7004
51  27  281.065   55.4603
51  26  285.403   59.5548
51  25  279.772   64.0952
51  24  271.118   62.8755
51  23  264.346   63.4349
51  22  262.897   60.3495
51  21  266.049   57.3817
51  20  260.839   51.7747
51  19  259.431   52.3397
51  18  257.045   51.414
51  17  249.68   55.9345
51  16  248.291   50.904
51  15  240.05   51.911
51  14  230.38   55.76
51  13  215.885   63.4123
51  12  153.678   54.7163
50  68  586.231   130.979
50  67  624.549   121.375
50  66  592.309   120.366
50  65  572.191   112.057
50  64  553.18   113.8
50  63  529.377   105.839
50  62  514.105   102.647
50  61  500.633   96.594
50  60  488.791   93.3307
50  59  473.865   99.2646
50  58  451.911   92.1078
50  57  440.123   96.3678
50  56  421.679   93.9952
50  55  416.371   81.7941
50  54  398.342   84.7874
50  53  390.454   82.4748
50  52  381.471   78.3464
50  51  374.97   77.1919
50  50  358.13   72.3741
50  49  361.069   83.3453
50  48  366.25   80.5206
50  47  353.839   82.0705
50  46  355.4   75.467
50  45  351.128   71.4006
50  44  341.495   67.4706
50  43  338.739   70.9504
50  42  330.788   71.7464
50  41  339.56   77.317
50  40  335.229   72.8902
50  39  330.031   73.8964
50  38  322.879   69.1472
50  37  308.918   68.8024
50  36  312.306   68.9168
50  35  309.404   67.2456
50  34  304.938   71.9082
50  33  306.199   60.9281
50  32  295.332   64.2116
50  31  292.569   61.5643
50  30  293.515   64.88
50  29  290.773   68.869
50  28  288.249   67.1831
50  27  278.937   58.6142
50  26  279.9   62.4678
50  25  272.427   56.4864
50  24  278.156   60.1545
50  23  266.799   58.947
50  22  274.567   60.489
50  21  265.797   60.1806
50  20  265.123   58.6878
50  19  266.384   52.5428
50  18  261.575   57.9668
50  17  256.896   52.8024
50  16  255.93   56.3762
50  15  239.691   56.3075
50  14  226.151   70.0662
50  13  163.219   123.843
49  68  565.441   140.698
49  67  624.875   117.078
49  66  606.157   126.868
49  65  578.915   113.716
49  64  552.626   108.45
49  63  529.36   104.202
49  62  515.394   101.94
49  61  495.911   102.616
49  60  484.101   98.9855
49  59  468.446   96.647
49  58  457.962   94.2141
49  57  441.666   87.241
49  56  426.468   91.4903
49  55  409.46   88.6937
49  54  395.196   84.9219
49  53  393.315   85.1663
49  52  387.079   79.6747
49  51  368.337   82.086
49  50  365.592   75.7488
49  49  361.634   75.8531
49  48  367.9   86.4087
49  47  359.742   77.9767
49  46  362.25   73.5402
49  45  348.295   74.117
49  44  344.704   67.2355
49  43  342.321   69.5238
49  42  336.944   72.5055
49  41  341.885   70.4105
49  40  335.008   73.1423
49  39  316.693   70.396
49  38  317.439   63.0042
49  37  321.299   66.4967
49  36  309.908   66.1397
49  35  312.744   66.8159
49  34  312.219   66.9435
49  33  305.106   66.5088
49  32  304.434   66.0234
49  31  299.56   63.0572
49  30  304.815   66.5058
49  29  297.79   63.5548
49  28  287.421   60.068
49  27  282.705   57.7956
49  26  287.103   64.2943
49  25  281.822   57.3196
49  24  275.386   59.19
49  23  271.602   60.7237
49  22  273.465   65.5391
49  21  272.47   58.8032
49  20  268.76   56.5619
49  19  262.231   57.8575
49  18  265.516   49.7292
49  17  259.19   51.8433
49  16  250.762   55.182
49  15  209.311   65.4925
49  14  167.615   101.598
48  68  583.331   134.063
48  67  626.963   119.048
48  66  600.89   116.99
48  65  574.052   113.533
48  64  561.707   112.048
48  63  537.098   106.591
48  62  522.229   106.724
48  61  512.697   104.225
48  60  496.756   98.6029
48  59  475.213   98.4444
48  58  453.079   91.1088
48  57  446.547   91.63
48  56  433.594   88.416
48  55  423.377   94.708
48  54  411.872   87.8157
48  53  401.51   88.055
48  52  391.945   82.5602
48  51  381.448   74.051
48  50  378.76   74.5512
48  49  377.05   85.678
48  48  371.54   83.8572
48  47  367.043   80.4784
48  46  367.371   85.3051
48  45  357.595   76.5797
48  44  361.676   74.1433
48  43  353.881   79.5255
48  42  347.806   77.0981
48  41  346.05   72.2774
48  40  339.852   76.8957
48  39  334.226   69.5994
48  38  336.424   72.1485
48  37  324.918   76.5083
48  36  320.023   79.1965
48  35  321.935   72.7534
48  34  316.123   69.5535
48  33  316.531   72.427
48  32  310.618   67.6381
48  31  308.456   64.8144
48  30  307.392   63.6295
48  29  296.832   64.207
48  28  300.922   62.7242
48  27  296.566   66.7673
48  26  288.232   58.4746
48  25  279.819   62.9777
48  24  284.732   57.4701
48  23  288.728   60.517
48  22  279.642   59.6972
48  21  280.489   64.0172
48  20  281.152   59.2543
48  19  269.505   58.1357
48  18  266.489   59.3575
48  17  259.33   55.7427
48  16  227.039   60.054
48  15  0   0
47  68  567.75   151.403
47  67  621.938   121.635
47  66  601.87   118.55
47  65  579.412   116.4
47  64  557.484   106.937
47  63  529.903   103.823
47  62  505.822   104.045
47  61  491.146   102.047
47  60  474.157   105.285
47  59  458.993   98.16
47  58  440.018   92.5631
47  57  426.895   91.283
47  56  408.661   82.7684
47  55  395.999   88.6358
47  54  388.143   85.6487
47  53  372.156   83.5531
47  52  365.509   82.4858
47  51  357.597   77.4249
47  50  351.08   87.1515
47  49  359.868   86.0551
47  48  348.996   75.4682
47  47  339.849   80.4083
47  46  335.83   76.5907
47  45  332.626   76.287
47  44  341.794   72.0218
47  43  333.979   78.6258
47  42  323.897   71.8223
47  41  322.166   74.2505
47  40  303.597   56.3367
47  39  309.504   69.2185
47  38  297.931   74.1518
47  37  302.68   65.4714
47  36  298.817   72.2932
47  35  298.559   77.6492
47  34  292.251   67.0765
47  33  298.712   65.9572
47  32  290.295   66.3148
47  31  278.113   66.8909
47  30  276.731   66.4587
47  29  278.053   65.3526
47  28  276.146   61.7491
47  27  266.919   61.7539
47  26  258.196   64.2418
47  25  266.717   64.7104
47  24  262.255   60.8627
47  23  257.391   61.6131
47  22  251.447   57.1653
47  21  249.532   49.2399
47  20  242.855   61.0558
47  19  241.82   59.314
47  18  226.239   56.3631
47  17  191.776   66.3285
46  68  589.907   138.603
46  67  628.461   122.068
46  66  594.36   112.753
46  65  570.867   122.04
46  64  547.36   111.313
46  63  526.729   109.456
46  62  508.698   108.67
46  61  496.211   105.714
46  60  477.452   101.92
46  59  455.492   99.7423
46  58  443.76   90.8222
46  57  432.836   98.2255
46  56  407.748   92.5416
46  55  398.801   96.3688
46  54  393.791   86.708
46  53  379.586   84.2159
46  52  371.739   86.8352
46  51  368.704   79.1282
46  50  363.915   78.3496
46  49  354.187   65.797
46  48  344.087   73.1519
46  47  341.015   81.7184
46  46  348.561   80.193
46  45  333.459   74.4677
46  44  338.612   78.0571
46  43  323.931   75.0289
46  42  330.577   72.3578
46  41  320.365   72.6189
46  40  317.186   67.0279
46  39  314.91   74.6478
46  38  317.231   71.2771
46  37  298.24   71.8212
46  36  303.279   77.624
46  35  290.484   73.865
46  34  296.396   66.7707
46  33  285.079   70.3707
46  32  288.383   69.5588
46  31  279.486   64.9298
46  30  278.851   65.807
46  29  275.335   63.5823
46  28  272.721   60.7173
46  27  269.118   58.4946
46  26  265.177   59.1761
46  25  263.704   63.5602
46  24  259.09   65.6298
46  23  256.045   58.7805
46  22  254.805   60.345
46  21  252.32   60.2044
46  20  248.259   53.7851
46  19  229.59   56.6995
46  18  200.855   62.4842
45  68  552.358   144.332
45  67  617.424   122.736
45  66  604.399   115.678
45  65  577.343   116.677
45  64  553.855   106.157
45  63  531.246   107.315
45  62  507.464   105.353
45  61  484.823   95.3033
45  60  470.658   97.861
45  59  459.216   101.839
45  58  440.739   93.4771
45  57  435.644   93.8576
45  56  415.342   97.2727
45  55  400.131   86.602
45  54  387.989   87.4348
45  53  382.645   84.6192
45  52  375.341   75.6314
45  51  357.81   77.1395
45  50  363.859   78.7114
45  49  354.038   71.4024
45  48  343.224   80.8431
45  47  347.991   78.5164
45  46  340.83   82.7957
45  45  346.301   80.7298
45  44  334.198   73.9012
45  43  329.947   77.9168
45  42  322.337   74.7867
45  41  324.779   69.5983
45  40  324.033   75.808
45  39  312.685   70.5224
45  38  310.958   73.1321
45  37  302.121   75.549
45  36  297.043   73.0476
45  35  293.33   70.4981
45  34  289.845   70.9144
45  33  289.875   67.4354
45  32  280.587   61.8637
45  31  274.772   61.4913
45  30  273.752   61.762
45  29  274.191   53.6083
45  28  267.86   56.4475
45  27  272.565   64.1691
45  26  269.731   63.8433
45  25  259.927   59.9412
45  24  259.064   61.5872
45  23  256.833   56.7926
45  22  251.05   60.9901
45  21  244.76   55.1295
45  20  240.247   52.1367
45  19  197.347   65.813
44  68  584.409   135.903
44  67  626.036   120.499
44  66  599.665   121.474
44  65  575.303   111.691
44  64  556.715   127.683
44  63  529.417   109.256
44  62  516.237   111.178
44  61  484.916   98.8937
44  60  470.789   98.0474
44  59  454.699   90.5637
44  58  442.034   90.6174
44  57  425.087   86.201
44  56  416.458   95.0172
44  55  409.014   87.3944
44  54  394.294   87.7291
44  53  382.846   88.1916
44  52  370.28   81.985
44  51  368.029   76.4528
44  50  364.469   69.0811
44  49  370.695   77.2735
44  48  346.516   67.1639
44  47  352.691   76.3409
44  46  347.383   73.8486
44  45  342.93   73.509
44  44  331.849   76.207
44  43  329.646   75.2592
44  42  334.666   76.4066
44  41  327.652   68.1122
44  40  325.522   73.9225
44  39  306.355   68.3376
44  38  308.327   70.6844
44  37  302.434   72.1039
44  36  299.932   72.3386
44  35  304.976   66.8759
44  34  296.935   73.8941
44  33  302.81   64.8413
44  32  292.392   70.9539
44  31  281.399   63.0973
44  30  280.854   65.8521
44  29  274.726   57.2031
44  28  272.973   66.2578
44  27  275.526   62.9989
44  26  269.827   63.939
44  25  266.233   53.4409
44  24  263.727   66.3471
44  23  250.699   61.0373
44  22  249.562   57.4242
44  21  239.336   57.7808
44  20  205.202   60.6595
43  68  548.372   140.91
43  67  618.39   121.628
43  66  599.9   116.174
43  65  582.345   112.503
43  64  564.66   110.375
43  63  548.843   104.103
43  62  526.75   106.036
43  61  507.25   100.21
43  60  490.628   95.406
43  59  479.027   92.0197
43  58  460.632   94.604
43  57  444.738   87.1349
43  56  442.466   98.8638
43  55  421.623   93.165
43  54  415.244   92.9484
43  53  404.175   86.7423
43  52  406.605   87.5855
43  51  388.134   81.4362
43  50  390.158   82.5099
43  49  382.611   86.8829
43  48  383.352   84.7436
43  47  375.599   80.5768
43  46  373.44   76.8762
43  45  366.316   74.0313
43  44  355.726   71.7552
43  43  359.536   70.1391
43  42  348.424   63.056
43  41  346.405   68.0737
43  40  349.071   71.2146
43  39  344.042   74.3107
43  38  336.749   70.9584
43  37  331.84   76.2495
43  36  336.421   72.2076
43  35  323.23   73.549
43  34  327.564   66.6775
43  33  324.864   64.201
43  32  319.846   68.5454
43  31  314.523   71.895
43  30  306.815   65.2463
43  29  305.056   64.0951
43  28  306.932   67.0393
43  27  299.38   64.2583
43  26  302.026   70.9602
43  25  297.592   60.3418
43  24  289.971   60.0602
43  23  285.646   56.7838
43  22  266.926   63.9092
43  21  219.025   64.0946
42  68  578.412   125.981
42  67  623.69   118.037
42  66  593.367   111.515
42  65  585.845   118.077
42  64  550.971   118.205
42  63  540.083   107.193
42  62  505.931   96.2393
42  61  499.319   99.5725
42  60  484.902   97.6426
42  59  465.562   84.229
42  58  451.009   92.8765
42  57  445.26   90.0173
42  56  426.912   89.3587
42  55  414.476   80.0687
42  54  408.237   84.5416
42  53  397.705   85.775
42  52  390.724   78.7882
42  51  382.539   80.3271
42  50  380.691   70.3362
42  49  376.203   85.8863
42  48  362.693   66.814
42  47  364.291   71.1315
42  46  359.058   79.6673
42  45  360.573   86.3581
42  44  343.832   72.8449
42  43  345.428   67.5694
42  42  341.238   63.4201
42  41  336.988   67.2183
42  40  330.722   60.6112
42  39  330.484   64.4728
42  38  318.167   66.0501
42  37  322.4   69.1218
42  36  315.945   65.3898
42  35  313.537   63.7418
42  34  312.746   68.2991
42  33  301.367   59.7863
42  32  305.332   55.9606
42  31  303.851   66.2737
42  30  298.889   61.4935
42  29  293.071   54.409
42  28  288.549   60.5024
42  27  287.648   62.0772
42  26  286.437   59.3679
42  25  282.769   62.3063
42  24  272.918   59.7786
42  23  252.078   60.7236
42  22  201.313   58.5401
41  68  547.238   138.508
41  67  613.438   113.862
41  66  600.292   112.611
41  65  570.706   107.576
41  64  565.653   107.304
41  63  533.224   104.768
41  62  506.399   95.7714
41  61  491.249   89.3144
41  60  471.956   94.7153
41  59  471.915   97.1071
41  58  453.43   92.567
41  57  437.44   84.6723
41  56  420.323   81.1092
41  55  408.144   80.8666
41  54  399.851   89.5841
41  53  397.075   80.0109
41  52  387.571   80.0202
41  51  381.155   70.8112
41  50  383.677   77.0425
41  49  378.092   79.9381
41  48  366.688   73.403
41  47  368.406   76.2573
41  46  357.309   69.6508
41  45  354.871   67.1825
41  44  346.94   67.9829
41  43  338.937   70.0216
41  42  336.421   67.0534
41  41  339.013   66.7999
41  40  330.005   64.0842
41  39  330.024   60.7733
41  38  318.303   74.4332
41  37  315.733   68.3881
41  36  317.231   65.2559
41  35  319.348   71.3658
41  34  309.488   63.8932
41  33  309.817   63.37
41  32  307.844   59.4999
41  31  303.111   61.6507
41  30  305.971   59.3113
41  29  295.121   55.8401
41  28  297.338   52.2703
41  27  293.939   57.3293
41  26  286.444   53.5521
41  25  274.416   53.3027
41  24  264.534   58.7855
41  23  203.32   66.1799
40  68  599.557   128.707
40  67  628.324   108.916
40  66  613.735   108.817
40  65  585.533   108.448
40  64  558.74   97.9399
40  63  531.782   97.4008
40  62  519.873   84.6726
40  61  506.286   89.1298
40  60  492.379   92.0996
40  59  473.834   86.4
40  58  459.663   85.2305
40  57  448.282   79.719
40  56  435.119   80.5345
40  55  424.122   81.0428
40  54  410.87   82.2425
40  53  406.559   77.2414
40  52  405.914   67.2586
40  51  401.831   74.7601
40  50  394.128   74.2265
40  49  374.409   62.293
40  48  375.774   75.8687
40  47  374.716   78.4509
40  46  369.516   71.5696
40  45  367.158   70.9565
40  44  359.873   73.0582
40  43  357.151   61.1766
40  42  360.485   68.4531
40  41  355.634   66.4768
40  40  346.812   68.3521
40  39  342.198   60.8651
40  38  335.6   60.0673
40  37  342.744   63.8345
40  36  333.238   69.3457
40  35  333.089   61.9131
40  34  323.978   67.3115
40  33  318.174   55.0011
40  32  322.26   57.3899
40  31  316.72   61.3053
40  30  308.167   58.3878
40  29  312.957   57.1873
40  28  299.089   56.1366
40  27  294.55   53.3402
40  26  288.468   54.1433
40  25  263.778   59.023
40  24  209.509   64.7971
39  68  552.126   126.143
39  67  631.751   116.646
39  66  607.253   106.605
39  65  577.739   110.28
39  64  548.497   103.272
39  63  539.591   104.211
39  62  520.8   104.055
39  61  505.285   98.3589
39  60  481.659   93.5516
39  59  474.26   91.5092
39  58  449.211   87.1654
39  57  442.311   86.2363
39  56  428.737   88.0072
39  55  413.52   86.1036
39  54  405.474   83.7173
39  53  396.783   84.952
39  52  400.571   92.7764
39  51  384.92   77.2725
39  50  380.981   80.3327
39  49  370.122   73.7289
39  48  367.072   83.4319
39  47  367.469   80.0519
39  46  357.969   72.8683
39  45  348.289   67.1791
39  44  345.764   77.4421
39  43  350.284   70.8229
39  42  344.193   72.3093
39  41  343.078   65.7674
39  40  327.089   77.8239
39  39  328.964   69.8288
39  38  324.912   69.9167
39  37  320.327   65.1012
39  36  315.939   62.5896
39  35  315.928   67.6713
39  34  305.797   66.5488
39  33  305.16   68.4156
39  32  301.037   61.7235
39  31  293.879   61.2207
39  30  290.762   57.778
39  29  292.393   63.5766
39  28  283.664   59.5006
39  27  279.003   60.0636
39  26  248.987   59.2663
39  25  157.693   60.458
38  68  590.376   130.247
38  67  622.538   107.664
38  66  604.013   118.151
38  65  585.218   105.904
38  64  558.05   102.311
38  63  528.832   101.642
38  62  507.732   99.5713
38  61  492.821   90.7745
38  60  480.962   95.0705
38  59  463.486   92.7597
38  58  459.395   86.6709
38  57  442.053   86.0054
38  56  422.012   90.8754
38  55  410.989   88.952
38  54  399.604   85.793
38  53  392.786   82.231
38  52  385.906   75.2292
38  51  373.023   78.3079
38  50  371.764   70.7175
38  49  375.451   80.6081
38  48  357.736   79.6962
38  47  356.078   70.1548
38  46  345.653   70.2863
38  45  349.686   63.9982
38  44  342.831   69.9564
38  43  336.177   67.3418
38  42  335.408   63.1653
38  41  330.826   66.4773
38  40  334.662   67.2397
38  39  322.238   67.6385
38  38  322.666   67.6433
38  37  312.322   73.4346
38  36  312.373   73.0078
38  35  294.502   58.1573
38  34  301.697   66.333
38  33  296.093   63.0731
38  32  294.938   67.8713
38  31  289.872   57.8189
38  30  289.376   63.1187
38  29  283.121   53.5513
38  28  267.459   54.022
38  27  233.766   69.1491
38  26  179.675   75.9528
37  68  531.581   124.344
37  67  599.605   100.618
37  66  581.886   107.64
37  65  547.734   96.6944
37  64  527.559   93.3993
37  63  504.323   90.6568
37  62  494.104   89.7148
37  61  471.827   86.2286
37  60  460.838   79.7338
37  59  450.405   82.876
37  58  430.619   79.4089
37  57  419.174   78.7451
37  56  411.313   80.0502
37  55  398.876   74.6789
37  54  386.024   72.7588
37  53  375.024   67.9834
37  52  361.355   62.1877
37  51  355.599   62.1842
37  50  359.4   64.0476
37  49  348.856   67.5891
37  48  352.639   66.2726
37  47  335.58   62.2704
37  46  336.636   62.6395
37  45  337.819   61.3434
37  44  332.235   54.5644
37  43  334.797   58.2431
37  42  324.805   57.4031
37  41  316.824   59.9444
37  40  319.977   54.9579
37  39  314.598   56.4861
37  38  306.514   49.8409
37  37  303.859   50.7245
37  36  306.377   52.9173
37  35  302.207   48.7257
37  34  298.574   51.3025
37  33  294.251   46.833
37  32  290.777   46.0351
37  31  286.645   44.942
37  30  277.256   45.4853
37  29  274.686   43.4936
37  28  256.982   47.3412
36  68  583.417   123.894
36  67  621.082   113.956
36  66  581.336   96.5911
36  65  571.839   102.424
36  64  557.511   106.72
36  63  533.967   97.2682
36  62  524.753   93.127
36  61  509.277   94.7999
36  60  493.458   95.8604
36  59  486.358   91.1532
36  58  464.281   87.2276
36  57  455.207   90.0644
36  56  443.497   86.0804
36  55  427.113   85.1723
36  54  412.934   80.0005
36  53  411.252   80.9497
36  52  397.173   73.1414
36  51  388.988   64.6847
36  50  385.679   68.8904
36  49  378.935   79.8171
36  48  375.311   70.1266
36  47  370.27   79.432
36  46  367.085   68.0503
36  45  369.352   66.3358
36  44  366.152   67.76
36  43  352.612   66.3146
36  42  358.062   62.4776
36  41  348.858   66.9149
36  40  344.517   65.2603
36  39  339.173   61.5684
36  38  332.453   63.9761
36  37  329.37   58.9274
36  36  325.114   70.7435
36  35  326.205   61.936
36  34  329.758   61.323
36  33  321.322   60.2199
36  32  315.32   57.9908
36  31  308.006   62.9643
36  30  297.67   61.0721
36  29  248.701   62.9365
35  68  545.552   132.919
35  67  614.119   118.038
35  66  595.795   116.5
35  65  570.93   110.028
35  64  547.368   103.725
35  63  521.332   99.3028
35  62  504.002   94.4471
35  61  492.012   96.1611
35  60  471.813   101.085
35  59  457.143   89.8743
35  58  441.884   77.942
35  57  430.945   91.7717
35  56  413.621   85.6621
35  55  409.04   90.4238
35  54  394.595   82.1246
35  53  387.278   84.8219
35  52  381.18   83.6747
35  51  372.739   74.8933
35  50  371.875   73.3275
35  49  355.302   83.5031
35  48  345.836   81.8229
35  47  349.376   80.8942
35  46  341.679   69.5648
35  45  348.46   74.1481
35  44  340.657   71.5583
35  43  334.446   67.8985
35  42  333.576   66.1725
35  41  323.62   62.2739
35  40  321.842   67.2146
35  39  312.415   58.7388
35  38  317.106   70.1449
35  37  317.731   68.9195
35  36  310.822   68.9777
35  35  304.657   62.0605
35  34  306.234   60.7606
35  33  296.722   60.6374
35  32  289.944   55.3973
35  31  280.264   59.7522
35  30  241.214   58.0535
34  68  576.834   123.03
34  67  617.644   114.104
34  66  591.344   112.462
34  65  570.096   104.178
34  64  549.467   109.085
34  63  530.347   95.7826
34  62  507.1   90.106
34  61  486.72   96.9881
34  60  465.325   87.854
34  59  461.212   85.4836
34  58  448.548   89.7165
34  57  434.494   83.6228
34  56  415.835   86.0655
34  55  411.24   82.5685
34  54  398.21   78.5639
34  53  390.864   77.2567
34  52  383.042   70.7858
34  51  379.425   67.0697
34  50  360.614   71.5302
34  49  363.466   77.8696
34  48  357.273   71.1797
34  47  350.043   67.833
34  46  358.957   69.6093
34  45  345.151   66.6478
34  44  351.603   62.9569
34  43  343.551   61.6071
34  42  340.272   62.2559
34  41  335.664   56.4651
34  40  342.037   63.1458
34  39  329.228   63.1088
34  38  330.686   62.6612
34  37  326.425   56.8899
34  36  317.621   57.9137
34  35  311.601   62.7397
34  34  310.912   56.1645
34  33  308.317   52.8636
34  32  291.713   53.062
34  31  251.824   57.6098
33  68  560.993   139.854
33  67  615.275   111.244
33  66  595.255   115.012
33  65  574.656   107.278
33  64  545.912   102.096
33  63  535.075   98.5677
33  62  514.514   89.6622
33  61  495.859   99.4574
33  60  476.493   98.1897
33  59  461.874   94.8299
33  58  447.541   88.7816
33  57  434.423   85.5962
33  56  422.829   87.2333
33  55  413.429   81.0953
33  54  399.051   83.6975
33  53  394.241   80.8789
33  52  388.618   73.1628
33  51  383.812   70.4916
33  50  378.703   72.9083
33  49  360.153   71.2292
33  48  354.205   74.2876
33  47  360.865   78.5446
33  46  351.57   74.2081
33  45  344.839   70.6641
33  44  351.99   68.7838
33  43  346.942   70.8723
33  42  336.577   67.982
33  41  335.813   65.0834
33  40  341.316   68.3607
33  39  329.176   68.7497
33  38  324.076   61.729
33  37  323.535   69.282
33  36  322.011   65.218
33  35  310.002   61.414
33  34  306.08   60.4116
33  33  291.072   56.3693
33  32  252.647   71.1964
32  68  583.084   138.716
32  67  627.766   118.627
32  66  602.436   117.229
32  65  573.741   102.184
32  64  558.617   105.445
32  63  533.679   111.614
32  62  520.259   103.38
32  61  491.327   98.8147
32  60  476.739   100.141
32  59  466.17   97.9413
32  58  450.557   92.9544
32  57  433.837   92.6007
32  56  422.728   89.7947
32  55  409.783   91.1172
32  54  407.523   90.7825
32  53  384.906   85.8587
32  52  389.35   78.8598
32  51  379.751   84.0185
32  50  369.517   87.0127
32  49  371.511   76.5664
32  48  362.87   85.68
32  47  351.73   81.0946
32  46  345.587   79.8269
32  45  336.462   73.6886
32  44  338.415   68.6189
32  43  338.29   74.5681
32  42  334.645   76.4122
32  41  318.409   72.2671
32  40  323.215   67.535
32  39  326.35   76.8246
32  38  311.342   68.093
32  37  306.026   70.7767
32  36  299.764   73.4302
32  35  297.086   66.2374
32  34  278.372   76.1116
32  33  216.644   61.5753
31  68  580.218   128.894
31  67  622.792   126.175
31  66  601.445   111.571
31  65  576.022   114.692
31  64  553.783   101.806
31  63  529.478   101.207
31  62  500   99.0475
31  61  483.924   95.6042
31  60  477.222   96.9967
31  59  453.903   88.1682
31  58  441.821   87.8637
31  57  436.608   90.0376
31  56  420.853   86.9335
31  55  414.15   88.2442
31  54  397.295   83.3129
31  53  386.939   82.9992
31  52  374.764   83.3808
31  51  372.442   83.0126
31  50  363.941   66.9071
31  49  360.319   67.9746
31  48  349.904   67.2621
31  47  350.055   72.1626
31  46  347.01   73.3132
31  45  338.785   75.2144
31  44  350.291   72.2143
31  43  336.298   67.6694
31  42  327.524   69.1403
31  41  335.178   68.2281
31  40  325.957   66.4434
31  39  321.855   69.9608
31  38  307.406   63.3647
31  37  304.418   63.5826
31  36  293.574   71.2215
31  35  279.762   69.8409
31  34  222.647   64.5506
30  68  585.355   129.973
30  67  619.938   124.263
30  66  597.102   104.33
30  65  570.97   114.361
30  64  546.418   105.579
30  63  529.264   108.021
30  62  509.238   106.414
30  61  500.467   101.263
30  60  470.274   88.88
30  59  457.359   95.6271
30  58  438.98   88.3738
30  57  434.167   93.9826
30  56  418.009   94.0672
30  55  399.06   85.586
30  54  398.7   84.6453
30  53  382.071   83.2164
30  52  383.112   83.3585
30  51  362.432   83.4783
30  50  358.724   84.6819
30  49  360.218   80.1332
30  48  351.91   78.4858
30  47  343.993   71.189
30  46  344.607   70.6784
30  45  333.588   66.1022
30  44  336.652   67.135
30  43  345.451   69.3482
30  42  330.079   65.7146
30  41  325.189   69.8199
30  40  316.442   63.0817
30  39  309.789   78.1392
30  38  297.754   68.548
30  37  287.954   62.9957
30  36  262.001   68.1389
30  35  193.321   72.6126
29  68  572.708   133.383
29  67  614.316   112.47
29  66  597.809   111.026
29  65  562.633   109.655
29  64  548.547   112.195
29  63  518.575   108.918
29  62  505.414   98.187
29  61  484.783   102.8
29  60  467.665   92.9107
29  59  448.675   88.5194
29  58  439.045   88.8601
29  57  421.473   91.4412
29  56  410.634   88.8428
29  55  392.994   87.3411
29  54  388.458   82.5025
29  53  381.64   82.8596
29  52  371.255   74.9952
29  51  352.835   77.4763
29  50  364.454   76.8488
29  49  346.196   75.4031
29  48  348.117   77.1517
29  47  344.309   71.4198
29  46  338.002   70.2211
29  45  342.618   76.0083
29  44  326.856   68.6631
29  43  322.579   67.303
29  42  317.216   72.91
29  41  314.88   67.7011
29  40  318.865   62.4927
29  39  306.361   68.7677
29  38  294.339   63.0485
29  37  254.205   68.7312
29  36  205.614   70.009
28  68  561.245   138.305
28  67  613.518   117.632
28  66  598.682   112.185
28  65  576.474   113.413
28  64  543.509   110.625
28  63  519.835   108.454
28  62  502.118   102.351
28  61  492.067   101.051
28  60  487.283   99.0156
28  59  463.479   100.276
28  58  450.172   95.5624
28  57  427.946   93.7451
28  56  421.563   93.0907
28  55  404.401   88.9745
28  54  405.434   91.1506
28  53  386.634   88.109
28  52  379.158   78.1678
28  51  368.282   80.6377
28  50  364.303   84.6145
28  49  357.751   80.3571
28  48  352.262   74.3513
28  47  357.213   76.3678
28  46  347.663   75.0815
28  45  347.496   75.0876
28  44  338.163   70.8285
28  43  340.466   75.7241
28  42  333.45   78.3076
28  41  331.561   72.2837
28  40  314.541   70.1533
28  39  301.631   62.4565
28  38  258.268   74.5152
28  37  195.338   98.3143
27  68  571.916   144.85
27  67  623.482   127.009
27  66  595.982   123.219
27  65  580.26   114.624
27  64  549.643   114.328
27  63  536.849   114.072
27  62  513.33   112.365
27  61  494.521   105.458
27  60  484.038   105.722
27  59  467.458   102.583
27  58  455.896   98.7483
27  57  439.458   99.9158
27  56  420.877   102.379
27  55  409.071   95.1009
27  54  396.533   91.4661
27  53  387.465   92.8129
27  52  380.942   89.5595
27  51  370.646   87.6145
27  50  366.927   95.9789
27  49  368.174   82.6273
27  48  349.436   86.3138
27  47  343.49   86.15
27  46  347.226   74.6655
27  45  331.361   71.2053
27  44  330.796   85.3427
27  43  333.671   77.8231
27  42  320.056   77.5393
27  41  317.051   73.6925
27  40  300.866   77.1899
27  39  245.743   84.4323
26  68  580.92   139.359
26  67  622.494   115.703
26  66  604.672   110.855
26  65  572.698   118.381
26  64  549.93   105.015
26  63  530.487   110.163
26  62  511.936   103.502
26  61  501.465   96.5858
26  60  484.027   97.9654
26  59  469.035   97.3317
26  58  452.354   96.161
26  57  446.124   91.9405
26  56  425.141   93.6296
26  55  415.099   90.9818
26  54  403.689   87.4182
26  53  391.255   86.9273
26  52  379.955   83.7795
26  51  374.861   76.2689
26  50  376.697   76.8564
26  49  368.7   81.5184
26  48  379.334   77.6242
26  47  362.266   82.7742
26  46  350.537   72.7913
26  45  343.98   75.3219
26  44  342.849   70.1346
26  43  342.529   66.9371
26  42  326.691   77.1015
26  41  309.261   67.1215
26  40  252.495   70.0166
25  68  563.508   123.628
25  67  612.492   110.326
25  66  592.001   119.086
25  65  578.972   110.757
25  64  541.421   105.67
25  63  528.741   109.929
25  62  512.88   97.9946
25  61  485.362   100.136
25  60  472.84   92.0733
25  59  466.911   87.6521
25  58  454.393   92.0426
25  57  429.116   87.8489
25  56  422.465   91.0973
25  55  410.771   86.0691
25  54  396.165   82.7904
25  53  391.362   78.8576
25  52  377.274   80.5002
25  51  377.459   78.8224
25  50  369.226   77.3431
25  49  354.289   73.4288
25  48  357.785   73.1311
25  47  353.735   64.6276
25  46  348.566   73.7397
25  45  340.273   73.1206
25  44  347.892   70.5219
25  43  333.753   69.995
25  42  319.125   67.5272
25  41  276.876   67.9445
24  68  573.849   132.547
24  67  614.86   110.33
24  66  591.654   113.88
24  65  577.77   105.184
24  64  549.95   102.408
24  63  528.182   100.936
24  62  516.099   105.411
24  61  494.353   104.771
24  60  478.551   99.0979
24  59  469.071   93.4777
24  58  456.541   94.5231
24  57  439.404   94.0158
24  56  419.93   88.8027
24  55  408.129   85.5016
24  54  397.791   83.9345
24  53  388.869   90.9212
24  52  383.311   79.6665
24  51  374.999   75.0338
24  50  364.021   71.964
24  49  368.945   79.5582
24  48  355.779   90.5089
24  47  356.493   71.8008
24  46  346.43   72.028
24  45  334.452   67.6235
24  44  335.681   78.9495
24  43  308.459   65.8249
24  42  250.96   76.7419
23  68  569.84   127.953
23  67  606.649   109.287
23  66  598.015   108.399
23  65  569.261   105.426
23  64  545.914   103.488
23  63  520.813   98.7429
23  62  506.544   91.1642
23  61  488.572   83.9642
23  60  471.514   83.7608
23  59  460.105   86.7586
23  58  447.242   86.8596
23  57  430.307   82.1764
23  56  419.998   81.5553
23  55  409.637   81.7905
23  54  401.533   80.8049
23  53  389.885   79.9481
23  52  374.074   71.0219
23  51  370.703   65.574
23  50  367.869   72.8732
23  49  361.014   72.6775
23  48  357.954   67.037
23  47  357.259   66.183
23  46  353.153   66.7366
23  45  346.818   69.5271
23  44  322.723   61.7617
23  43  272.353   64.3853
22  68  572.933   143.336
22  67  619.602   114.979
22  66  605.355   106.061
22  65  582.266   108.404
22  64  557.305   108.745
22  63  543.876   110.777
22  62  516.009   98.1124
22  61  500.404   98.8034
22  60  488.688   90.4159
22  59  477.637   92.9845
22  58  456.143   90.394
22  57  442.062   96.3828
22  56  432.741   87.944
22  55  424.571   82.1283
22  54  415.101   87.9784
22  53  401.511   78.3162
22  52  391.554   82.7775
22  51  389.772   74.5045
22  50  373.199   77.2445
22  49  371.912   81.9883
22  48  369.072   81.276
22  47  360.29   73.3404
22  46  358.66   77.8697
22  45  327.018   78.4488
22  44  253.217   67.9989
21  68  557.797   140.378
21  67  616.37   120.323
21  66  596.857   113.506
21  65  563.997   111.381
21  64  546.145   112.035
21  63  517.22   107.708
21  62  505.269   107.134
21  61  489.394   105.387
21  60  468.49   104.482
21  59  458.518   97.096
21  58  441.891   95.276
21  57  429.554   99.7764
21  56  414.161   81.5284
21  55  404.693   92.9421
21  54  393.641   88.748
21  53  386.022   87.9269
21  52  374.526   78.8341
21  51  369.199   78.0221
21  50  359.953   75.6337
21  49  355.305   79.4583
21  48  358.611   76.4605
21  47  339.097   71.6057
21  46  310.919   68.8582
21  45  258.698   73.7923
20  68  579.783   142.108
20  67  628.917   122.843
20  66  581.493   106.862
20  65  562.76   103.944
20  64  536.602   104.404
20  63  514.706   97.5849
20  62  503.028   94.9442
20  61  492.006   96.9736
20  60  469.808   94.0495
20  59  453.632   94.5352
20  58  441.289   91.3337
20  57  426.838   91.3186
20  56  413.987   86.4773
20  55  399.62   89.7101
20  54  394.723   77.2566
20  53  387.885   84.1591
20  52  368.35   76.6655
20  51  378.911   68.3343
20  50  362.918   66.5395
20  49  351.09   80.4384
20  48  340.334   75.9334
20  47  313.19   69.1786
20  46  252.26   64.3851
19  68  570.165   131.535
19  67  616.579   112.672
19  66  599.426   105.119
19  65  572.641   96.7262
19  64  560.088   97.6227
19  63  537.646   95.7617
19  62  521.988   102.367
19  61  508.053   95.0392
19  60  495.706   101.242
19  59  474.476   97.5512
19  58  462.748   88.899
19  57  444.404   92.1128
19  56  432.076   87.2204
19  55  422.973   92.2058
19  54  413.124   82.2295
19  53  400.218   81.4719
19  52  393.268   72.3813
19  51  390.732   76.2205
19  50  377.656   77.6925
19  49  355.289   78.4309
19  48  307.713   73.3864
19  47  245.056   78.1656
18  68  582.348   143.235
18  67  621.342   113.376
18  66  597.691   107.117
18  65  582.008   108.267
18  64  560.975   107.51
18  63  529.857   100.441
18  62  515.566   99.9264
18  61  493.548   98.2386
18  60  490.561   101.86
18  59  473.065   87.8257
18  58  457.436   95.733
18  57  437.544   91.4011
18  56  427.49   89.9551
18  55  417.829   91.0966
18  54  398.296   80.6057
18  53  391.348   86.8764
18  52  371.202   75.6708
18  51  368.061   76.7478
18  50  347.172   68.0163
18  49  270.404   84.253
18  48  209.358   93.27
17  68  564.624   135.751
17  67  620.52   112.366
17  66  587.57   103.976
17  65  575.048   102.866
17  64  554.875   101.912
17  63  537.295   103.448
17  62  521.868   100.415
17  61  494.919   87.6049
17  60  487.041   92.43
17  59  479.348   88.8291
17  58  463.938   82.3888
17  57  444.398   88.2268
17  56  434.766   85.4424
17  55  425.201   84.1187
17  54  413.486   81.2128
17  53  400.241   79.3025
17  52  396.752   72.3013
17  51  370.412   72.2113
17  50  309.78   73.8216
17  49  266.03   157.094
16  68  546.163   133.175
16  67  602.352   122.589
16  66  571.485   110.821
16  65  559.266   107.179
16  64  532.189   106.103
16  63  507.024   100.289
16  62  494.583   101.572
16  61  473.634   93.1478
16  60  461.04   88.9019
16  59  446.635   90.6979
16  58  428.264   89.0021
16  57  419.012   83.7385
16  56  409.205   76.3537
16  55  398.542   76.1931
16  54  391.671   75.1092
16  53  375.15   69.2636
16  52  349.147   66.0278
16  51  320.606   63.4166
15  68  564.292   134.199
15  67  614.942   118.569
15  66  596.096   110.787
15  65  573.788   106.496
15  64  556.833   104.032
15  63  535.307   104.256
15  62  518.711   96.5333
15  61  500.025   98.678
15  60  484.443   93.5181
15  59  466.628   89.7866
15  58  459.054   89.2012
15  57  441.915   83.6694
15  56  428.061   81.0152
15  55  415.21   79.8338
15  54  401.973   77.1027
15  53  364.859   84.7561
15  52  288.635   68.7419
14  68  560.855   134.645
14  67  616.619   114.24
14  66  595.135   108.465
14  65  573.232   104.944
14  64  553.526   101.069
14  63  532.719   104.135
14  62  515.051   97.8487
14  61  495.466   98.4213
14  60  482.73   93.8522
14  59  469.679   87.3142
14  58  456.181   88.1461
14  57  441.113   85.799
14  56  426.814   83.9788
14  55  412.18   81.031
14  54  356.79   87.4134
14  53  278.472   77.0042
13  68  551.122   136.585
13  67  607.627   112.616
13  66  585.039   109.54
13  65  560.731   103.259
13  64  537.002   101.397
13  63  515.04   99.9552
13  62  497.584   98.1223
13  61  482.513   94.0138
13  60  462.728   87.8191
13  59  451.342   84.5699
13  58  440.467   82.4951
13  57  425.072   78.6279
13  56  410.758   78.0553
13  55  357.994   81.465
13  54  283.246   68.3075
12  68  557.934   132.042
12  67  611.795   111.894
12  66  589.207   110.882
12  65  566.024   106.631
12  64  542.184   105.852
12  63  520.532   98.3989
12  62  500.579   98.2559
12  61  484.631   90.95
12  60  464.489   86.7204
12  59  448.71   86.8021
12  58  431.799   83.4646
12  57  414.799   81.2679
12  56  344.263   90.4595
12  55  252.53   75.9285
11  68  564.329   137.222
11  67  615.619   119.631
11  66  595.34   109.446
11  65  570.145   111.49
11  64  547.227   109.65
11  63  531.077   101.163
11  62  517.404   103.597
11  61  494.361   95.6068
11  60  473.964   91.9404
11  59  454.736   87.5491
11  58  434.106   84.961
11  57  343.359   101.045
11  56  211.376   82.7631
10  68  562.951   139.324
10  67  612.145   124.693
10  66  585.135   111.834
10  65  562.385   112.044
10  64  535.209   108.703
10  63  512.215   102.255
10  62  499.612   102.878
10  61  481.547   98.7788
10  60  460.236   93.4097
10  59  434.702   92.058
10  58  357.504   93.0992
9  68  562.83   136.733
9  67  614.721   119.781
9  66  598.062   119.756
9  65  576.542   114.36
9  64  552.797   110.159
9  63  539.926   106.395
9  62  521.763   106.186
9  61  497.073   100.379
9  60  465.917   99.6561
9  59  353.083   99.885
8  68  556.845   141.427
8  67  609.014   123.732
8  66  590.508   122.016
8  65  562.592   109.893
8  64  541.547   112.299
8  63  518.574   107.404
8  62  489.832   105.334
8  61  454.255   101.804
8  60  333.665   108.279
7  68  552.344   136.016
7  67  610.072   121.586
7  66  576.259   108.737
7  65  555.409   103.766
7  64  535.166   103.356
7  63  516.916   98.2548
7  62  469.555   99.0026
7  61  374.085   93.6767
6  68  520.632   130.319
6  67  573.161   112.157
6  66  551.819   105.985
6  65  529.806   100.036
6  64  506.048   98.3872
6  63  447.096   106.328
6  62  307.093   94.9773
5  68  515.706   127.186
5  67  562.231   101.832
5  66  537.65   104.098
5  65  508.761   96.8682
5  64  445.564   117.045
5  63  315.159   100.318
4  68  502.778   122.755
4  67  557.551   105.473
4  66  534.288   98.8198
4  65  460.706   124.493
4  64  324.056   103.236
3  68  536.048   136.248
3  67  598.377   122.892
3  66  486.75   142.129
3  65  359.743   102.647
2  68  683.435   172.479
2  67  637.511   200
2  66  455.791   149.814
1  68  639.014   200
1  67  482.633   200
