1    0    0    0
0    650    0    0
0    650.003    -0.009    0
0    649.988    -0.00816925    0.0100881
0    650    -0.00599361    0.00123965
0    649.999    -0.00536701    4.45162e-05
0    619.495    -0.00520059    30.5035
0    581.785    -0.00474787    68.215
0    362.587    -0.00776337    287.41
0    649.788    -0.00369566    0.213561
0    347.548    -0.009    302.451
0    343.167    -0.009    306.833
0    353.395    -0.00871308    296.605
0    400.231    -0.00572808    249.771
0    462.73    -0.00482489    187.272
0    609.69    -0.00355929    40.3114
0    589.633    -0.00376536    60.3683
0    580.978    -0.00425549    69.0222
0    561.241    -0.00380589    88.7579
0    649.998    -0.00316826    1.77035e-05
0    496.933    -0.00443936    153.067
0    519.665    -0.00471562    130.335
0    486.413    -0.00502447    163.589
0    556.244    -0.00438278    93.7559
0    483.845    -0.00558295    166.154
0    542.052    -0.00419586    107.946
0    569.02    -0.0039028    80.9777
0    554.642    -0.00378603    95.3586
0    447.676    -0.00515867    202.323
0    438.913    -0.00683065    211.087
0    469.984    -0.00570356    180.017
0    582.127    -0.00396787    67.8734
0    500.397    -0.00501969    149.603
0    471.192    -0.00490103    178.807
0    491.754    -0.00517258    158.246
0    513.789    -0.00502136    136.212
0    453.295    -0.00596109    196.702
0    446.023    -0.00511803    203.976
0    460.18    -0.00590872    189.82
0    474.889    -0.00493949    175.111
0    484.762    -0.00521216    165.24
0    481.272    -0.00476231    168.73
0    460.757    -0.00506464    189.244
0    510.936    -0.00437703    139.064
0    481.981    -0.0050019    168.019
0    485.206    -0.00524066    164.795
0    465.408    -0.0057588    184.593
0    471.904    -0.00505064    178.096
0    492.664    -0.00478357    157.335
0    486.341    -0.00492764    163.659
0    473.464    -0.00501904    176.536
0    471.505    -0.00522116    178.495
0    464.794    -0.00528198    185.206
0    427.269    -0.0060141    222.73
0    485.268    -0.00542814    164.732
0    510.219    -0.0051864    139.782
0    477.115    -0.00520772    172.882
0    501.432    -0.00511061    148.567
0    486.761    -0.00522998    163.239
0    472.038    -0.00540771    177.963
0    470.413    -0.00572298    179.587
0    358.083    -0.00701031    291.917
