62  68  569.926   162.992
62  67  621.968   162.78
62  66  597.6   140.141
62  65  569.462   133.609
62  64  553.339   133.422
62  63  542.455   126.023
62  62  525.612   114.402
62  61  529.958   120.679
62  60  502.117   104.597
62  59  486.223   101.473
62  58  492.518   107.437
62  57  451.47   103.872
62  56  442.684   98.4409
62  55  447.717   99.1598
62  54  428.108   94.1263
62  53  417.902   87.6338
62  52  407.249   82.3827
62  51  404.452   90.8989
62  50  401.967   85.138
62  49  394.12   82.8679
62  48  398.145   82.3373
62  47  379.644   72.414
62  46  404.616   83.7704
62  45  396.908   87.2545
62  44  389.069   77.7392
62  43  388.629   75.8928
62  42  387.173   73.0317
62  41  375.96   68.338
62  40  374.383   71.0065
62  39  359.721   71.9486
62  38  371.218   71.3955
62  37  375.295   79.085
62  36  366.592   74.1054
62  35  361.46   78.6892
62  34  363.419   65.4007
62  33  358.931   63.0941
62  32  351.889   68.6828
62  31  362.594   62.681
62  30  348.747   63.6864
62  29  359.17   61.4896
62  28  332.035   55.4498
62  27  327.481   59.2111
62  26  332.693   67.785
62  25  338.466   59.5906
62  24  350.07   69.6595
62  23  344.281   67.6311
62  22  346.178   55.3459
62  21  334.654   51.2418
62  20  332.039   52.3818
62  19  340.291   58.7771
62  18  329.824   50.2758
62  17  322.155   49.808
62  16  325.689   55.3435
62  15  326.533   58.7463
62  14  325.816   61.9252
62  13  329.375   55.7632
62  12  337.629   54.4836
62  11  322.196   52.872
62  10  335.244   50.3265
62  9  325.171   54.6829
62  8  326.483   49.905
62  7  318.91   45.5158
62  6  328.671   50.6911
62  5  316.486   43.3362
62  4  318.323   51.1947
62  3  303.577   70.6001
62  2  312.263   57.807
62  1  328.939   105.986
61  68  487.959   158.646
61  67  615.671   131.365
61  66  600.094   130.243
61  65  570.568   122.869
61  64  554.276   126.457
61  63  530.716   123.549
61  62  504.94   116.581
61  61  484.311   109.27
61  60  453.853   109.437
61  59  441.483   107.781
61  58  429.263   99.5841
61  57  411.997   109.684
61  56  401.65   100.901
61  55  396.619   95.8569
61  54  382.806   95.9761
61  53  373.498   91.1599
61  52  363.328   82.0023
61  51  348.427   83.2789
61  50  359.648   83.2289
61  49  342.483   81.1143
61  48  341.546   86.6591
61  47  335.473   83.4675
61  46  328.429   74.3813
61  45  322.421   72.5289
61  44  326.221   74.1963
61  43  323.294   76.8363
61  42  321.475   68.482
61  41  325.813   74.376
61  40  314.375   78.1485
61  39  306.681   71.9318
61  38  300.646   69.1445
61  37  292.584   82.4606
61  36  294.649   68.7273
61  35  286.333   69.3419
61  34  289.715   65.7527
61  33  285.54   65.094
61  32  286.862   62.4854
61  31  282.163   63.0379
61  30  278.205   61.5059
61  29  278.687   61.7164
61  28  274.496   55.4775
61  27  277.845   58.4091
61  26  266.753   56.0635
61  25  263.304   54.5941
61  24  256.439   57.9241
61  23  260.145   55.6332
61  22  256.234   56.7256
61  21  257.948   54.7963
61  20  255.418   51.8086
61  19  250.106   51.9018
61  18  253.693   48.5424
61  17  238.84   49.6097
61  16  241.021   49.507
61  15  233.508   51.7235
61  14  247.928   50.1978
61  13  238.896   48.5329
61  12  240.165   46.2838
61  11  236.894   44.3382
61  10  232.62   49.3351
61  9  232.57   43.8268
61  8  228.457   40.9675
61  7  232.256   43.1962
61  6  230.082   47.5563
61  5  223.01   40.3893
61  4  223.686   46.0361
61  3  217.758   42.4909
61  2  214.393   42.4735
61  1  183.616   80.6397
60  68  554.295   151.221
60  67  609.359   122.349
60  66  588.154   115.262
60  65  564.402   122.844
60  64  544.217   118.973
60  63  530.132   114.634
60  62  513.514   112.828
60  61  493.751   108.063
60  60  472.043   101.965
60  59  460.359   96.1924
60  58  447.226   101.279
60  57  434.22   97.9465
60  56  410.335   89.6844
60  55  403.225   93.4262
60  54  390.816   94.6483
60  53  380.414   88.44
60  52  370.431   73.3906
60  51  368.139   84.4642
60  50  369.058   76.0994
60  49  356.684   73.0761
60  48  345.886   78.363
60  47  340.068   79.674
60  46  340.169   82.7146
60  45  338.168   81.8317
60  44  335.594   80.4065
60  43  331.452   68.8123
60  42  328.74   72.1826
60  41  318.129   71.6316
60  40  321.593   69.48
60  39  309.938   65.2481
60  38  304.737   72.5475
60  37  305.623   64.8466
60  36  300.082   68.6505
60  35  294.103   68.3157
60  34  294.788   63.6453
60  33  287.552   61.2853
60  32  285.551   64.1177
60  31  287.699   58.2178
60  30  289.426   58.9345
60  29  288.53   59.9486
60  28  292.493   60.3673
60  27  277.778   60.7899
60  26  274.794   61.2898
60  25  269.185   64.4071
60  24  264.308   55.944
60  23  259.125   58.3077
60  22  261.533   53.9664
60  21  260.424   55.8062
60  20  261.179   56.107
60  19  260.046   50.5395
60  18  258.531   55.4139
60  17  252.938   46.9624
60  16  256.553   50.3745
60  15  247.999   49.9287
60  14  249.044   48.7732
60  13  239.232   44.8662
60  12  242.034   45.6757
60  11  236.94   45.8942
60  10  235.459   46.5714
60  9  234.756   45.095
60  8  238.687   44.7052
60  7  236.512   44.9461
60  6  234.597   44.5665
60  5  231.033   38.1624
60  4  229.735   44.0961
60  3  227.506   46.5694
60  2  229   92.364
59  68  501.673   162.753
59  67  624.509   137.645
59  66  595.716   128.872
59  65  580.211   127.925
59  64  554.417   126.671
59  63  529.096   113.649
59  62  509.246   121.541
59  61  492.455   114.929
59  60  467.136   110.623
59  59  452.968   100.218
59  58  438.449   111.068
59  57  427.274   105.989
59  56  410.704   100.93
59  55  407.133   98.4195
59  54  397.825   97.1716
59  53  378.667   94.2474
59  52  367.384   97.816
59  51  363.631   90.3473
59  50  349.343   79.6267
59  49  363.423   92.1458
59  48  348.871   93.3684
59  47  333.779   88.4378
59  46  343.206   79.992
59  45  334.167   73.0414
59  44  331.28   80.7416
59  43  330.238   85.2552
59  42  318.45   78.9914
59  41  318.26   78.3886
59  40  317.984   75.8466
59  39  300.646   69.1569
59  38  303.728   71.4982
59  37  304.667   76.0278
59  36  298.149   73.974
59  35  295.729   70.1679
59  34  296.547   65.704
59  33  288.363   70.2674
59  32  291.508   72.2822
59  31  284.523   67.0576
59  30  278.961   68.3096
59  29  282.512   69.5767
59  28  275.086   70.5092
59  27  272.114   65.9877
59  26  261.93   57.217
59  25  265.244   67.3396
59  24  263.165   62.6595
59  23  261.334   62.5254
59  22  257.247   62.2182
59  21  258.889   60.3853
59  20  254.668   65.0085
59  19  255.902   57.7536
59  18  250.484   54.06
59  17  250.001   57.6777
59  16  238.79   58.2628
59  15  240.855   57.813
59  14  233.265   51.0949
59  13  240.195   56.301
59  12  232.881   54.004
59  11  238.898   53.5704
59  10  234.343   51.4465
59  9  231.792   52.5308
59  8  226.83   53.4244
59  7  215.133   49.9058
59  6  226.303   51.3628
59  5  217.012   48.1488
59  4  218.06   51.7726
59  3  214.125   200
58  68  568.872   153.828
58  67  618.791   136.657
58  66  592.304   124.314
58  65  562.187   122.078
58  64  541.953   116.797
58  63  524.289   118.751
58  62  511.621   111.615
58  61  488.101   111.684
58  60  476.519   107.9
58  59  459.197   105.426
58  58  445.56   105.179
58  57  432.111   97.6064
58  56  410.767   95.3743
58  55  394.686   94.8531
58  54  387.459   91.114
58  53  375.273   89.7176
58  52  364.381   79.816
58  51  364.486   82.6748
58  50  349.829   79.2771
58  49  347.941   79.3481
58  48  333.464   95.4267
58  47  345.617   85.0418
58  46  339.122   90.8127
58  45  325.167   67.1258
58  44  331.194   78.7862
58  43  317.004   77.1593
58  42  315.21   77.2824
58  41  307.461   70.5938
58  40  306.585   67.7476
58  39  303.228   70.5524
58  38  296.041   71.109
58  37  289.691   76.1139
58  36  301.721   66.7706
58  35  287.744   74.9324
58  34  288.288   66.2555
58  33  280.074   66.4488
58  32  283.91   67.9909
58  31  279.692   70.3108
58  30  276.506   62.1487
58  29  264.069   56.9784
58  28  266.957   63.3196
58  27  264.674   66.1561
58  26  263.859   65.4963
58  25  256.456   65.5013
58  24  251.757   60.602
58  23  251.663   57.1486
58  22  250.876   63.3388
58  21  243.573   55.3903
58  20  245.382   58.6368
58  19  247.545   52.3882
58  18  236.839   54.9689
58  17  231.04   57.6384
58  16  233.832   56.1846
58  15  228.043   54.7362
58  14  233.885   56.0504
58  13  224.501   57.775
58  12  224.372   50.8384
58  11  225.165   51.5806
58  10  221.084   52.9468
58  9  219.21   48.1295
58  8  223.135   48.8633
58  7  216.356   50.2067
58  6  207.953   51.6889
58  5  208.625   52.8425
57  68  516.123   144.412
57  67  600.278   125.524
57  66  593.563   127.098
57  65  574.832   121.501
57  64  555.071   115.781
57  63  536.241   112.607
57  62  515.759   116.654
57  61  497.238   111.935
57  60  467.325   112.291
57  59  458.859   109.224
57  58  441.891   104.626
57  57  432.85   98.8592
57  56  426.442   100.076
57  55  408.621   95.5894
57  54  390.454   96.8073
57  53  384.358   92.6671
57  52  382.12   87.2773
57  51  374.139   89.2568
57  50  369.625   86.4551
57  49  356.383   87.3792
57  48  348.561   83.1283
57  47  340.193   82.7233
57  46  336.679   82.33
57  45  340.06   81.876
57  44  341.375   80.0465
57  43  334.392   77.8377
57  42  328.263   77.6939
57  41  319.92   74.0539
57  40  313.376   67.2637
57  39  311.71   74.9101
57  38  311.874   73.36
57  37  305.842   66.2132
57  36  300.906   69.2177
57  35  301.04   69.8629
57  34  296.627   71.3729
57  33  300.905   67.1076
57  32  298.254   64.7813
57  31  288.123   59.4664
57  30  291.115   66.2514
57  29  288.937   60.9455
57  28  280.502   65.9972
57  27  276.647   59.5009
57  26  277.244   64.7206
57  25  270.808   59.971
57  24  274.362   62.1198
57  23  269.454   64.4839
57  22  267.37   57.9964
57  21  263.847   59.3345
57  20  265.596   60.2347
57  19  258.146   53.01
57  18  263.675   58.2039
57  17  256.361   56.2767
57  16  250.235   53.0646
57  15  244.703   54.5371
57  14  241.557   52.6343
57  13  236.536   52.5111
57  12  243.108   53.4284
57  11  237.031   49.5919
57  10  240.139   50.8687
57  9  240.096   50.6045
57  8  239.96   51.3866
57  7  227.859   47.536
57  6  215.58   49.148
56  68  569.328   149.928
56  67  624.503   134.996
56  66  590.87   137.944
56  65  569.616   134.463
56  64  557.747   130.274
56  63  519.955   124.631
56  62  501.97   117.614
56  61  485.613   117.559
56  60  469.14   113.844
56  59  455.384   111.182
56  58  439.726   108.512
56  57  420.776   106.405
56  56  407.685   102.781
56  55  392.795   92.6787
56  54  382.564   101.739
56  53  372.667   95.4155
56  52  363.23   88.0726
56  51  356.014   88.4197
56  50  351.036   85.611
56  49  342.894   94.6899
56  48  330.193   89.6903
56  47  331.001   90.8142
56  46  322.678   91.4974
56  45  321.195   79.7781
56  44  316.237   81.3012
56  43  309.113   79.9721
56  42  307.127   79.2458
56  41  308.755   75.6126
56  40  300.143   74.7813
56  39  292.598   81.5501
56  38  281.443   76.0825
56  37  291.641   79.9349
56  36  279.101   78.4199
56  35  282.199   78.4649
56  34  279.208   77.7854
56  33  282.788   72.6445
56  32  276.851   69.7313
56  31  274.489   71.5062
56  30  262.436   69.245
56  29  260.073   67.905
56  28  267.727   71.14
56  27  258.981   67.5985
56  26  241.363   64.1988
56  25  259.531   67.5964
56  24  250.387   58.866
56  23  240.531   63.1855
56  22  236.469   68.0694
56  21  242.153   61.2787
56  20  236.342   58.2201
56  19  232.234   53.5899
56  18  230.544   59.5673
56  17  228.479   57.5082
56  16  222.812   59.1899
56  15  223.968   58.8556
56  14  220.348   56.7954
56  13  217.511   49.8258
56  12  217.958   57.3846
56  11  211.649   53.9558
56  10  216.611   58.6175
56  9  209.427   54.0528
56  8  204.605   49.1043
56  7  175.649   52.3432
55  68  530.207   156.286
55  67  633.193   133.35
55  66  608.771   122.874
55  65  579.533   123.884
55  64  545.267   117.974
55  63  522.822   117.144
55  62  508.371   117.264
55  61  482.384   115.768
55  60  457.613   108.894
55  59  444.037   111.107
55  58  436.882   104.254
55  57  421.855   104.337
55  56  404.825   100.831
55  55  398.606   96.8875
55  54  382.458   93.3974
55  53  375.068   87.9657
55  52  369.852   90.7153
55  51  365.42   83.9189
55  50  358.243   91.3292
55  49  342.77   82.7474
55  48  340.089   85.238
55  47  333.916   87.9672
55  46  332.571   86.001
55  45  334.94   78.1118
55  44  318.048   80.7947
55  43  314.68   73.7904
55  42  325.819   69.9951
55  41  314.686   76.8918
55  40  319.547   78.2223
55  39  311.006   74.3381
55  38  294.034   69.2729
55  37  308.055   72.1144
55  36  287.026   73.2613
55  35  285.001   68.0911
55  34  298.102   71.244
55  33  292.13   74.5038
55  32  291.21   63.3505
55  31  281.769   71.9343
55  30  277.707   64.9929
55  29  272.232   66.739
55  28  275.249   65.7384
55  27  260.888   66.835
55  26  263.067   62.9929
55  25  256.392   61.5579
55  24  262.135   55.5273
55  23  252.982   60.5084
55  22  254.68   58.819
55  21  251.436   60.0525
55  20  251.335   58.7564
55  19  246.153   59.8421
55  18  246.339   55.4798
55  17  237.196   48.7246
55  16  238.229   50.1955
55  15  241.161   57.2002
55  14  232.433   52.9282
55  13  233.355   55.4655
55  12  234.065   53.8294
55  11  231.626   54.473
55  10  221.287   45.3608
55  9  221.848   49.0455
55  8  211.394   57.3366
54  68  578.584   139.214
54  67  624.064   129.237
54  66  603.796   114.9
54  65  575.702   116.855
54  64  548.398   114.564
54  63  533.012   110.387
54  62  508.832   102.142
54  61  494.244   101.918
54  60  481.794   101.936
54  59  463.673   94.3901
54  58  453.043   95.9707
54  57  437.344   90.3666
54  56  419.032   82.5798
54  55  410.906   89.9714
54  54  396.829   83.7034
54  53  389.279   81.2329
54  52  389.838   86.087
54  51  380.565   76.6761
54  50  366.459   70.7174
54  49  369.801   68.1266
54  48  365.081   67.8016
54  47  362.779   70.4224
54  46  351.136   70.7736
54  45  348.076   65.1047
54  44  346.163   71.5101
54  43  347.166   63.7523
54  42  341.742   66.295
54  41  338.647   61.7849
54  40  337.402   66.0457
54  39  341.052   59.9758
54  38  326.04   64.4149
54  37  325.601   65.025
54  36  322.296   63.7284
54  35  311.428   53.1925
54  34  317.063   61.0852
54  33  321.466   61.6701
54  32  313.376   62.1407
54  31  307.623   58.5581
54  30  306.21   55.2161
54  29  317.237   55.4766
54  28  303.667   55.6994
54  27  298.423   49.9948
54  26  304.847   56.2033
54  25  296.427   53.6886
54  24  287.141   48.6822
54  23  294.429   54.2396
54  22  287.448   52.3173
54  21  284.716   43.8328
54  20  280.296   48.3445
54  19  284.613   48.1032
54  18  276.641   46.2249
54  17  276.445   41.2085
54  16  282.5   47.5276
54  15  275.085   40.7645
54  14  271.801   48.1296
54  13  271.231   48.1123
54  12  270.583   50.2223
54  11  271.92   46.0548
54  10  263.98   45.6759
54  9  279.097   87.1404
53  68  532.401   140.944
53  67  620.902   124.258
53  66  605.98   124.582
53  65  584.579   119.398
53  64  559.723   110.981
53  63  538.072   110.915
53  62  516.436   107.597
53  61  488.095   108.385
53  60  483.703   105.424
53  59  459.086   99.667
53  58  443.722   102.782
53  57  432.712   96.4904
53  56  419.023   96.4178
53  55  401.694   90.7747
53  54  394.607   83.3607
53  53  378.574   82.3103
53  52  382.386   74.1695
53  51  374.523   83.3097
53  50  367.977   84.0512
53  49  365.28   78.396
53  48  367.605   76.1449
53  47  358.809   85.141
53  46  344.186   76.2954
53  45  346.084   82.9359
53  44  340.468   74.3295
53  43  335.818   72.5232
53  42  336.392   73.1421
53  41  334.661   69.6029
53  40  336.991   76.9371
53  39  328.304   75.1657
53  38  326.16   62.5827
53  37  312.499   76.0727
53  36  314.092   74.0124
53  35  306.925   59.5028
53  34  304.23   60.5752
53  33  303.101   66.0788
53  32  305.758   67.2146
53  31  298.096   60.2181
53  30  296.977   66.7262
53  29  295.529   62.5252
53  28  292.617   63.0033
53  27  295.669   62.4894
53  26  285.896   63.7724
53  25  282.171   64.5127
53  24  278.647   60.78
53  23  278.75   59.303
53  22  278.722   55.988
53  21  270.026   55.6025
53  20  269.349   55.2471
53  19  264.162   54.0469
53  18  265.765   51.288
53  17  256.759   51.0494
53  16  260.898   51.8788
53  15  261.394   55.3628
53  14  248.012   54.8657
53  13  251.837   50.587
53  12  248.682   54.3182
53  11  241.122   50.6531
53  10  220.706   56.9486
52  68  583.335   147.805
52  67  632.106   128.395
52  66  604.319   129.137
52  65  572.066   119.051
52  64  558.253   121.528
52  63  528.129   114.181
52  62  516.516   113.842
52  61  503.211   112.8
52  60  489.691   109.337
52  59  471.396   107.597
52  58  454.973   101.127
52  57  435.215   96.396
52  56  419.16   94.8716
52  55  409.311   96.6756
52  54  396.58   91.9149
52  53  385.206   93.9455
52  52  366.863   75.1116
52  51  366.257   84.6122
52  50  366.694   80.6973
52  49  367.388   79.5844
52  48  349.896   81.7635
52  47  355.517   81.0323
52  46  345.762   75.8905
52  45  349.728   85.1154
52  44  347.995   77.6052
52  43  347.794   81.3583
52  42  338.26   69.922
52  41  335.485   74.1825
52  40  328.043   75.6122
52  39  328.675   65.3609
52  38  312.377   72.8714
52  37  313.698   79.2024
52  36  306.429   70.1898
52  35  306.773   72.8605
52  34  305.016   68.8347
52  33  307.107   70.1291
52  32  302.367   65.8121
52  31  293.823   65.7529
52  30  301.657   60.3164
52  29  289.622   67.4178
52  28  286.449   61.5535
52  27  286.124   63.4006
52  26  283.94   59.5326
52  25  273.033   59.7743
52  24  274.394   65.949
52  23  272.808   57.3863
52  22  276.338   60.7108
52  21  277.138   56.7469
52  20  272.35   56.3778
52  19  263.742   56.0705
52  18  261.148   58.8224
52  17  257.462   55.0125
52  16  255.84   54.6628
52  15  241.491   54.8509
52  14  249.602   57.0441
52  13  244.043   54.6173
52  12  244.056   48.5069
52  11  229.959   55.6894
51  68  535.685   144.152
51  67  632.898   129.827
51  66  607.864   125.631
51  65  577.461   112.844
51  64  555.425   102.077
51  63  536.255   98.1256
51  62  511.507   101.219
51  61  493.167   102.886
51  60  477.469   100.904
51  59  463.951   101.007
51  58  452.467   92.3743
51  57  437.724   92.6885
51  56  422.875   90.8445
51  55  409.474   84.2803
51  54  402.22   83.2856
51  53  391.904   83.2158
51  52  376.859   71.6602
51  51  379.055   82.7219
51  50  372.043   78.8892
51  49  372.755   86.7546
51  48  369.542   81.2266
51  47  345.666   70.0462
51  46  350.296   69.0055
51  45  344.026   74.4815
51  44  346.246   76.7312
51  43  344.052   74.7988
51  42  347.254   73.8761
51  41  341.288   65.6242
51  40  328.94   70.5552
51  39  332.564   76.7233
51  38  319.999   67.23
51  37  318.114   68.2396
51  36  312.665   65.588
51  35  315.738   64.2842
51  34  307.305   68.2005
51  33  308.839   67.5268
51  32  304.849   63.2859
51  31  297.489   64.3491
51  30  299.223   63.4236
51  29  297.459   60.0208
51  28  291.614   64.0763
51  27  292.409   56.4645
51  26  281.843   60.9542
51  25  281.833   63.2493
51  24  279.552   62.2329
51  23  275.172   60.832
51  22  272.359   55.3862
51  21  272.204   57.5797
51  20  261.053   59.7624
51  19  269.208   59.7445
51  18  268.057   55.7314
51  17  257.711   51.0471
51  16  256.917   57.5502
51  15  253.77   51.8755
51  14  245.638   52.4174
51  13  232.311   54.677
51  12  214.834   80.2227
50  68  565.884   145.785
50  67  616.727   122.163
50  66  588.114   129.494
50  65  574.587   132.723
50  64  551.876   126.585
50  63  535.729   123.394
50  62  514.308   120.861
50  61  498.476   111.856
50  60  494.32   106.24
50  59  468.749   112.16
50  58  457.029   106.419
50  57  431.859   106.899
50  56  417.433   95.1033
50  55  406.073   103.649
50  54  400.763   96.7781
50  53  388.616   91.2229
50  52  379.213   92.2764
50  51  386.665   83.2628
50  50  377.073   85.6396
50  49  360.937   94.8533
50  48  358.486   88.8657
50  47  345.776   89.2665
50  46  348.64   87.2696
50  45  336.294   83.5796
50  44  335   83.153
50  43  335.604   80.6132
50  42  338.323   79.7039
50  41  328.863   77.3506
50  40  327.604   71.3753
50  39  320.975   81.3077
50  38  319.533   75.3393
50  37  315.606   72.6741
50  36  297.054   76.7346
50  35  303.84   81.7874
50  34  302.646   72.6317
50  33  295.954   75.5171
50  32  299.671   70.2964
50  31  295.897   67.5069
50  30  298.037   66.8618
50  29  291.841   70.8163
50  28  289.588   62.3846
50  27  282.041   67.1859
50  26  276.106   66.9112
50  25  269.699   68.024
50  24  267.601   66.8519
50  23  261.742   67.5691
50  22  272.781   67.5148
50  21  261.948   60.4279
50  20  267.001   63.1141
50  19  260.417   59.078
50  18  254.453   53.5472
50  17  251.118   57.833
50  16  251.185   58.0958
50  15  246.689   58.0616
50  14  232.87   55.0281
50  13  194.038   93.0721
49  68  531.204   149.721
49  67  630.241   122.528
49  66  608.714   119.164
49  65  581.128   115.151
49  64  557   114.366
49  63  534.375   106.633
49  62  521.132   107.62
49  61  495.877   106.775
49  60  483.636   110.04
49  59  469.61   98.4418
49  58  449.808   97.3292
49  57  436.357   95.5773
49  56  411.37   94.2463
49  55  404.723   90.4088
49  54  407.432   89.9497
49  53  389.598   88.6196
49  52  386.773   92.0063
49  51  377.802   80.3997
49  50  366.565   83.9024
49  49  357.425   82.18
49  48  359.975   81.1047
49  47  356.955   92.0843
49  46  351.308   79.4951
49  45  345.476   71.8965
49  44  341.849   78.487
49  43  346.113   74.9489
49  42  337.267   75.7448
49  41  332.602   72.3752
49  40  330.192   75.9845
49  39  324.504   77.8523
49  38  323.96   82.9384
49  37  308.523   71.9572
49  36  304.41   79.4587
49  35  306.412   71.4742
49  34  307.565   70.7353
49  33  305.087   65.6547
49  32  300.492   64.8941
49  31  300.51   73.0178
49  30  297.609   67.9107
49  29  295.619   65.868
49  28  282.118   66.3296
49  27  279.531   66.8281
49  26  278.956   65.2478
49  25  275.034   67.157
49  24  274.813   64.0929
49  23  262.999   56.7985
49  22  273.452   68.9071
49  21  261.091   67.6141
49  20  263.872   62.8314
49  19  255.45   56.4033
49  18  253.328   58.4109
49  17  248.952   60.527
49  16  242.632   60.4012
49  15  222.334   52.2528
49  14  232.361   147.381
48  68  576.445   140.529
48  67  627.429   121.301
48  66  596.262   116.803
48  65  581.217   108.896
48  64  553.328   108.095
48  63  535.065   108.192
48  62  520.585   105.745
48  61  500.737   102.131
48  60  493.927   102.549
48  59  464.983   92.7847
48  58  450.995   93.8968
48  57  436.084   87.5471
48  56  425.992   88.1811
48  55  415.908   84.0647
48  54  409.909   82.8223
48  53  398.636   85.7989
48  52  379.756   76.1526
48  51  382.93   83.2763
48  50  365.483   77.1305
48  49  362.35   78.3336
48  48  357.97   80.2292
48  47  358.544   80.0907
48  46  351.206   69.4382
48  45  348.603   70.1345
48  44  355.462   72.9604
48  43  341.988   78.3127
48  42  337.98   70.8233
48  41  348.684   74.249
48  40  336.793   68.2598
48  39  332.062   71.7038
48  38  327.807   64.0673
48  37  320.611   72.4503
48  36  314.774   68.6279
48  35  308.509   58.4297
48  34  311.686   66.9743
48  33  305.734   63.9709
48  32  306.576   70.101
48  31  298.082   60.2399
48  30  296.208   60.3174
48  29  291.021   58.9517
48  28  293.93   57.7883
48  27  289.132   59.1512
48  26  287.73   63.8652
48  25  287.429   61.3022
48  24  280.475   56.8278
48  23  284.275   58.8153
48  22  270.165   58.0529
48  21  270.65   58.8369
48  20  268.604   52.2016
48  19  262.977   49.61
48  18  264.01   49.4655
48  17  247.025   47.9012
48  16  227.819   52.7803
47  68  521.41   143.426
47  67  616.967   126.193
47  66  597.309   120.187
47  65  569.821   111.746
47  64  546.229   114.077
47  63  528.354   109.94
47  62  497.141   96.6634
47  61  482.363   107.093
47  60  463.19   101.983
47  59  457.469   95.6725
47  58  435.083   97.4917
47  57  414.957   97.9121
47  56  400.067   85.5305
47  55  391.319   84.7248
47  54  381.48   85.8299
47  53  371.912   82.2746
47  52  366.334   82.5951
47  51  368.388   85.635
47  50  357.087   81.562
47  49  353.613   84.867
47  48  346.131   80.3842
47  47  342.587   76.0912
47  46  336.568   69.5998
47  45  336.481   82.2246
47  44  328.253   75.5401
47  43  328.104   71.7349
47  42  322.938   71.1883
47  41  317.217   70.1483
47  40  315.009   61.1584
47  39  308.619   68.0732
47  38  310.271   72.7987
47  37  298.756   66.7023
47  36  296.284   71.0202
47  35  289.059   63.4212
47  34  290.776   60.1804
47  33  283.466   64.3739
47  32  286.326   57.9713
47  31  285.786   63.9022
47  30  283.979   56.5063
47  29  278.505   62.1807
47  28  281.582   56.8652
47  27  273.303   56.3408
47  26  269.102   56.3972
47  25  261.846   50.8505
47  24  265.514   58.0962
47  23  270.073   58.2721
47  22  258.46   53.7471
47  21  257.591   53.0756
47  20  254.116   51.3353
47  19  248.595   51.9084
47  18  244.906   50.4293
47  17  234.514   49.0567
46  68  576.038   147.077
46  67  628.357   129.908
46  66  600.019   115.043
46  65  569.136   123.071
46  64  554.727   119.144
46  63  530.948   109.699
46  62  519.075   105.886
46  61  490.602   103.383
46  60  470.416   101.97
46  59  454.193   95.1444
46  58  444.134   93.0931
46  57  427.01   90.5464
46  56  411.115   92.6307
46  55  396.622   96.1005
46  54  390.306   89.9061
46  53  375.502   87.3646
46  52  367.957   83.1745
46  51  370.273   84.1824
46  50  359.784   81.0747
46  49  358.515   85.3507
46  48  353.478   85.8092
46  47  341.389   83.381
46  46  333.509   78.5886
46  45  333.549   76.9814
46  44  330.306   67.0098
46  43  326.469   78.7018
46  42  332.733   78.2837
46  41  326.124   78.3071
46  40  323.774   73.8819
46  39  312.726   72.1035
46  38  302.654   73.1654
46  37  300.866   68.9235
46  36  295.088   73.0284
46  35  299.045   74.0144
46  34  301.3   66.6538
46  33  293.315   68.5518
46  32  293.94   68.3709
46  31  292.958   65.7337
46  30  276.405   65.0635
46  29  283.258   69.4461
46  28  280.646   66.6669
46  27  269.953   56.8622
46  26  263.204   63.0056
46  25  264.289   62.717
46  24  268.614   62.1953
46  23  257.73   65.6249
46  22  259.174   68.0392
46  21  248.675   60.3472
46  20  251.868   60.0941
46  19  239.173   52.8253
46  18  226.705   60.4175
45  68  533.535   144.029
45  67  630.916   131.014
45  66  604.729   126.582
45  65  583.63   116.704
45  64  555.533   110.731
45  63  528.834   109.293
45  62  515.36   107.78
45  61  497.501   108.653
45  60  475.201   105.04
45  59  462.241   94.2218
45  58  455.995   93.71
45  57  430.958   95.1958
45  56  420.622   93.0701
45  55  412.02   90.5609
45  54  397.71   90.9013
45  53  385.942   91.4444
45  52  382.712   80.918
45  51  371.832   74.6593
45  50  367.788   72.9162
45  49  362.653   71.7414
45  48  368.202   80.6177
45  47  357.216   74.397
45  46  343.666   84.5494
45  45  341.944   80.3429
45  44  347.631   74.1101
45  43  337.461   74.3925
45  42  334.463   71.0585
45  41  335.753   73.1099
45  40  324.553   66.4785
45  39  327.367   67.5868
45  38  320.386   66.1667
45  37  313.939   67.5634
45  36  317.42   79.8294
45  35  312.536   68.5258
45  34  309.481   67.0334
45  33  300.985   59.6057
45  32  297.555   64.7992
45  31  288.442   60.6851
45  30  290.703   59.1913
45  29  292.638   58.4205
45  28  287.568   59.0074
45  27  285.929   60.9524
45  26  277.518   59.9037
45  25  275.476   59.3087
45  24  269.768   57.8625
45  23  267.352   57.5851
45  22  264.448   58.0182
45  21  262.372   53.8488
45  20  257.519   56.0202
45  19  238.367   51.5347
44  68  576.675   141.336
44  67  621.772   125.103
44  66  608.014   113.795
44  65  582.41   116.141
44  64  560.663   115.702
44  63  541.264   114.214
44  62  520.622   111.01
44  61  502.081   100.46
44  60  480.905   106.438
44  59  470.11   96.008
44  58  457.254   95.1629
44  57  435.886   91.7492
44  56  424.116   96.3025
44  55  412.532   88.8788
44  54  411.59   90.7146
44  53  401.763   93.6365
44  52  377.857   89.1292
44  51  381.159   88.4753
44  50  381.466   88.252
44  49  371.336   81.3872
44  48  369.147   80.9317
44  47  375.309   92.6247
44  46  358.597   86.5406
44  45  355.7   76.3565
44  44  345.89   81.1654
44  43  340.754   76.2367
44  42  342.01   78.7542
44  41  343.276   69.0552
44  40  329.085   67.8057
44  39  326.683   81.7512
44  38  318.415   74.5074
44  37  316.505   65.8024
44  36  311.155   72.3143
44  35  310.222   77.5408
44  34  309.091   77.0106
44  33  303.683   61.2957
44  32  297.476   62.1782
44  31  296.386   71.9031
44  30  291.367   63.915
44  29  293.689   71.7581
44  28  289.566   70.5605
44  27  279.121   64.8603
44  26  278.005   66.6136
44  25  274.635   69.9058
44  24  274.65   70.4971
44  23  265.832   64.3572
44  22  260.421   66.1109
44  21  251.475   61.1284
44  20  208.064   51.6248
43  68  522.988   136.092
43  67  614.214   117.263
43  66  609.861   112.881
43  65  586.204   107.323
43  64  562.542   106.617
43  63  535.043   99.6543
43  62  513.278   98.3953
43  61  497.952   106.992
43  60  482.804   92.279
43  59  473.381   86.4259
43  58  459.732   88.7076
43  57  438.216   84.317
43  56  420.885   86.6676
43  55  417.109   79.2997
43  54  400.002   78.928
43  53  389.664   81.0977
43  52  380.551   71.8753
43  51  389.306   83.284
43  50  376.895   70.398
43  49  375.226   79.3379
43  48  370.077   76.1098
43  47  368.574   77.1705
43  46  362.694   74.9111
43  45  355.097   73.5867
43  44  356.023   69.4272
43  43  349.58   65.9153
43  42  349.68   63.6202
43  41  344.702   60.5741
43  40  339.869   63.8997
43  39  338.432   62.2431
43  38  339.731   69.9596
43  37  332.55   68.9174
43  36  326.154   59.7267
43  35  319.579   58.2937
43  34  308.812   63.2937
43  33  309.022   59.7892
43  32  310.787   60.6327
43  31  305.894   55.3378
43  30  300.968   54.7542
43  29  305.073   62.6722
43  28  296.082   57.9222
43  27  296.935   56.2345
43  26  288.721   62.2005
43  25  289.658   64.1035
43  24  282.423   59.3418
43  23  274.147   56.2145
43  22  260.229   53.7716
43  21  234.204   58.6028
42  68  575.775   145.22
42  67  619.196   128.462
42  66  594.039   115.776
42  65  580.425   115.99
42  64  555.579   102.724
42  63  545.132   115.204
42  62  509.608   106.485
42  61  500.098   103.198
42  60  485.93   102.537
42  59  470.842   98.3253
42  58  453.846   91.5694
42  57  443.464   95.1646
42  56  426.026   95.658
42  55  411.944   89.0147
42  54  403.689   88.245
42  53  398.004   80.9645
42  52  392.2   81.4115
42  51  386.116   75.4836
42  50  378.731   70.3593
42  49  378.286   96.954
42  48  366.486   81.7709
42  47  355.97   85.5558
42  46  360.878   75.7576
42  45  353.832   88.2045
42  44  353.164   74.8173
42  43  348.359   68.4526
42  42  341.801   72.2184
42  41  337.945   68.9959
42  40  326.774   75.7613
42  39  329.375   60.9625
42  38  324.34   72.3388
42  37  318.542   73.7792
42  36  316.278   75.0793
42  35  316.344   71.1517
42  34  311.774   67.2751
42  33  308.909   68.3979
42  32  298.849   62.7313
42  31  302.684   65.1081
42  30  302.108   62.8527
42  29  295.517   67.5256
42  28  294.922   60.7871
42  27  291.396   63.8619
42  26  279.757   57.9078
42  25  279.62   61.1583
42  24  269.239   62.9665
42  23  255.63   63.8832
42  22  212.244   62.8076
41  68  516.794   149.395
41  67  618.476   121.092
41  66  603.649   125.157
41  65  580.693   116.159
41  64  555.331   110.715
41  63  515.33   98.7391
41  62  504.999   105.86
41  61  480.363   98.3982
41  60  470.539   97.3115
41  59  447.294   87.6997
41  58  437.754   95.1202
41  57  430.513   95.6626
41  56  413.051   90.6592
41  55  401.681   87.7341
41  54  389.147   80.7529
41  53  382.41   85.1468
41  52  367.522   77.6492
41  51  359.446   75.7751
41  50  356.73   80.1138
41  49  356.626   72.7021
41  48  351.606   75.5141
41  47  343.499   85.392
41  46  343.365   75.7128
41  45  343.844   74.3007
41  44  329.19   73.5462
41  43  330.965   74.0248
41  42  320.94   66.1298
41  41  319.317   76.4058
41  40  318.053   70.5915
41  39  313.375   76.5498
41  38  307.276   67.4805
41  37  303.258   67.8032
41  36  299.857   68.4126
41  35  293.794   69.4547
41  34  292.025   68.8473
41  33  297.039   66.902
41  32  288.868   57.7831
41  31  289.39   61.8409
41  30  286.316   56.5784
41  29  281.286   58.0769
41  28  274.686   58.4435
41  27  263.66   60.267
41  26  255.637   54.0092
41  25  259.492   53.9262
41  24  241.692   55.7292
41  23  223.839   72.714
40  68  582.774   133.936
40  67  630.81   115.984
40  66  613.758   112.395
40  65  584.359   120.944
40  64  556.476   104.713
40  63  541.726   105.99
40  62  521.6   101.724
40  61  487.725   100.971
40  60  479.054   98.5043
40  59  464.221   94.5055
40  58  457.765   88.3163
40  57  451.171   94.4519
40  56  428.543   95.5679
40  55  417.366   91.6112
40  54  401.166   84.3958
40  53  397.027   81.7055
40  52  390.936   78.5382
40  51  378.346   86.7858
40  50  373.443   82.129
40  49  369.029   83.5128
40  48  358.293   85.4137
40  47  362.1   83.8145
40  46  366.412   75.5769
40  45  356.33   75.3703
40  44  350.911   76.5509
40  43  342.319   76.2781
40  42  343.232   74.3041
40  41  340.44   71.2923
40  40  335.313   68.4264
40  39  346.5   74.5343
40  38  329.618   70.0384
40  37  327.851   74.4728
40  36  318.64   70.0371
40  35  321.093   73.2911
40  34  313.56   63.2264
40  33  305.051   70.4173
40  32  314.631   65.2876
40  31  300.422   68.9446
40  30  297.443   67.6343
40  29  298.229   72.9835
40  28  292.255   65.0832
40  27  276.909   57.9329
40  26  276.898   59.4863
40  25  257.255   63.0139
40  24  219.925   66.4608
39  68  529.805   146.898
39  67  618.97   120.16
39  66  586.494   116.884
39  65  571.427   117.045
39  64  542.354   106.246
39  63  521.634   99.8611
39  62  497.158   97.9126
39  61  478.098   103.459
39  60  466.884   98.4908
39  59  446.528   94.1644
39  58  434.74   94.3141
39  57  422.073   88.4028
39  56  406.362   87.2481
39  55  395.271   90.164
39  54  379.992   81.25
39  53  373.573   79.9429
39  52  372.269   81.1023
39  51  359.208   78.3159
39  50  360.471   79.487
39  49  337.426   78.5175
39  48  336.431   76.4107
39  47  336.269   70.5303
39  46  336.949   69.8251
39  45  332.234   67.6574
39  44  327.863   72.6288
39  43  321.588   66.9404
39  42  324.939   67.0927
39  41  316.041   63.516
39  40  316.391   70.7439
39  39  314.645   65.0139
39  38  316.695   71.3678
39  37  302.784   67.6345
39  36  299.113   69.7889
39  35  292.683   63.3971
39  34  286.643   60.1678
39  33  288.243   63.0874
39  32  283.082   61.187
39  31  281.887   60.5424
39  30  284.372   56.3594
39  29  276.611   56.9793
39  28  274.428   53.122
39  27  266.506   57.5548
39  26  248.169   55.736
39  25  238.384   87.4713
38  68  577.691   143.261
38  67  627.107   121.884
38  66  603.038   107.822
38  65  580.364   109.493
38  64  558.795   106.521
38  63  532.864   103.231
38  62  522.943   97.0325
38  61  503.395   93.0789
38  60  487.962   95.6521
38  59  472.307   91.9913
38  58  460.415   92.426
38  57  447.394   87.6886
38  56  436.257   84.5174
38  55  420.306   87.7786
38  54  409.082   87.6908
38  53  401.723   79.8361
38  52  398.373   75.8181
38  51  390.001   78.0665
38  50  384.9   70.2508
38  49  373.845   84.704
38  48  389.113   79.05
38  47  378.874   78.0319
38  46  371.164   78.6797
38  45  366.264   75.2424
38  44  360.616   71.6955
38  43  358.541   75.3905
38  42  354.371   69.5626
38  41  348.395   71.2762
38  40  343.268   73.392
38  39  349.309   75.7951
38  38  334.212   66.4002
38  37  328.759   69.2687
38  36  333.886   68.4617
38  35  332.649   72.4722
38  34  328.909   71.2766
38  33  319.551   64.9556
38  32  319.266   66.0259
38  31  318.373   66.5027
38  30  308.447   63.7699
38  29  307.112   59.9128
38  28  293.393   62.8662
38  27  288.559   62.0739
38  26  273.229   200
37  68  524.338   142.92
37  67  621.945   125.581
37  66  604.837   118.093
37  65  569.819   114.573
37  64  537.912   106.838
37  63  503.303   100.048
37  62  484.782   95.582
37  61  479.081   97.3837
37  60  460.493   95.4934
37  59  443.541   92.9287
37  58  433.489   90.7602
37  57  420.818   87.3041
37  56  405.834   81.1631
37  55  387.29   85.0029
37  54  373.199   81.2463
37  53  373.07   81.4017
37  52  372.27   77.1655
37  51  357.376   71.8209
37  50  353.909   73.0681
37  49  349.304   79.02
37  48  347.076   70.0654
37  47  343.169   72.4595
37  46  342.566   71.8138
37  45  336.412   63.9723
37  44  334.694   63.8517
37  43  331.087   72.2836
37  42  325.296   72.376
37  41  320.876   66.322
37  40  310.208   62.8031
37  39  310.824   64.8422
37  38  309.134   63.1234
37  37  303.004   65.0444
37  36  299.016   63.2488
37  35  297.383   64.4361
37  34  290.818   61.1002
37  33  293.452   63.2956
37  32  286.621   60.6224
37  31  283.187   53.4044
37  30  277.721   52.224
37  29  273.995   56.6016
37  28  250.174   55.5243
36  68  573.139   138.388
36  67  614.412   110.553
36  66  589.152   119.86
36  65  566.077   105.773
36  64  549.684   110.159
36  63  517.515   104.785
36  62  506.061   101.723
36  61  484.382   97.4689
36  60  462.44   97.4853
36  59  453.545   96.7606
36  58  433.713   89.8533
36  57  419.645   87.4448
36  56  410.62   89.5159
36  55  399.691   86.4376
36  54  389.632   89.9102
36  53  374.316   78.3007
36  52  364.648   75.6004
36  51  355.546   70.6693
36  50  347.009   61.7697
36  49  346.98   76.5251
36  48  334.898   75.2619
36  47  326.877   70.842
36  46  330.419   73.7363
36  45  329.091   68.3106
36  44  319.377   74.4028
36  43  313.951   69.7208
36  42  315.907   74.6177
36  41  307.87   65.9619
36  40  301.307   57.8826
36  39  300.302   62.9426
36  38  293.623   64.1288
36  37  286.993   59.8796
36  36  279.906   67.9178
36  35  280.16   61.8863
36  34  276.435   63.7592
36  33  280.348   65.6465
36  32  274.69   62.4953
36  31  266.395   51.6188
36  30  258.183   53.129
36  29  240.634   55.2546
35  68  534.952   150.904
35  67  630.696   129.577
35  66  596.763   115.587
35  65  566.438   112.879
35  64  543.343   104.803
35  63  524.786   105.737
35  62  509.698   105.12
35  61  488.131   103.924
35  60  470.28   99.8448
35  59  446.043   97.7062
35  58  433.585   99.5775
35  57  417.631   98.1219
35  56  408.602   93.2262
35  55  399.969   96.7448
35  54  377.959   82.5934
35  53  377.591   86.5719
35  52  369.497   80.5116
35  51  359.046   87.2621
35  50  358.735   73.0731
35  49  354.685   70.9769
35  48  352.416   92.4398
35  47  347.075   75.1159
35  46  334.835   77.5583
35  45  338.323   81.5051
35  44  334.909   73.1557
35  43  329.957   74.5597
35  42  321.672   72.6719
35  41  321.252   73.6208
35  40  319.802   76.3052
35  39  303.426   71.5394
35  38  303.03   70.7065
35  37  289.618   65.4933
35  36  288.578   69.4525
35  35  291.94   72.9141
35  34  288.426   65.981
35  33  287.235   65.3293
35  32  276.083   66.5298
35  31  264.851   57.7395
35  30  234.554   59.9601
34  68  581.954   136.212
34  67  629.732   111.07
34  66  599.869   101.223
34  65  574.742   99.2808
34  64  557.364   95.8206
34  63  530.272   94.3798
34  62  520.017   105.371
34  61  500.165   96.5468
34  60  484.119   90.549
34  59  463.165   88.6802
34  58  453.628   86.0756
34  57  435.594   85.7445
34  56  424.185   87.3166
34  55  417.9   81.8648
34  54  406.802   82.4897
34  53  395.438   81.261
34  52  383.522   82.5035
34  51  391.78   81.6425
34  50  385.681   79.2175
34  49  370.304   77.9283
34  48  366.263   74.5825
34  47  367.69   77.9728
34  46  364.306   73.2193
34  45  355.999   68.5722
34  44  354.601   66.5529
34  43  354.568   68.2543
34  42  346.485   76.7335
34  41  339.594   73.1252
34  40  334.808   57.3547
34  39  328.335   70.6917
34  38  324.347   63.179
34  37  328.834   66.0272
34  36  315.621   58.5399
34  35  312.669   67.0263
34  34  310.816   62.9568
34  33  303.197   62.5086
34  32  289.495   59.122
34  31  252.211   51.1405
33  68  534.064   153.788
33  67  613.788   126.491
33  66  593.31   111.489
33  65  578.007   109.642
33  64  542.537   107.339
33  63  520.737   106.383
33  62  506.778   105.849
33  61  477.056   104.236
33  60  459.024   101.062
33  59  451.862   104.054
33  58  438.994   90.2341
33  57  424.092   92.2869
33  56  410.001   95.465
33  55  397.005   90.3694
33  54  388.497   89.2997
33  53  375.913   89.4977
33  52  372.713   83.5927
33  51  358.825   72.5876
33  50  363.717   87.9889
33  49  352.209   70.9018
33  48  342.85   82.4907
33  47  334.835   75.0612
33  46  335.109   72.2475
33  45  325.344   78.5636
33  44  339.175   80.2144
33  43  324.859   76.0969
33  42  317.892   65.3326
33  41  314.266   77.8183
33  40  314.002   67.3586
33  39  304.163   73.1039
33  38  307.302   71.1562
33  37  296.188   73.5603
33  36  286.632   69.3398
33  35  289.618   68.5728
33  34  283.551   69.4123
33  33  264.443   64.4291
33  32  244.885   67.5869
32  68  574.228   150.922
32  67  622.258   127.005
32  66  601.899   116.068
32  65  581.96   124.43
32  64  559.263   109.264
32  63  533.29   115.127
32  62  527.643   112.045
32  61  493.968   114.175
32  60  476.656   102.126
32  59  460.369   106.896
32  58  449.389   105.895
32  57  430.826   101.812
32  56  418.856   100.667
32  55  408.471   101.978
32  54  396.458   97.5469
32  53  381.548   99.7258
32  52  363.551   91.9471
32  51  371.916   88.1781
32  50  368.014   83.1547
32  49  348.603   87.8025
32  48  347.951   89.5965
32  47  340.928   86.8374
32  46  339.201   81.583
32  45  334.116   79.5363
32  44  330.33   88.8699
32  43  330.201   88.6263
32  42  323.237   80.1358
32  41  319.757   76.9057
32  40  313.805   86.6035
32  39  307.078   70.4498
32  38  300.204   78.0959
32  37  284.71   73.0774
32  36  282.382   74.0827
32  35  271.918   76.5725
32  34  258.196   70.7009
32  33  211.787   60.0543
31  68  549.451   153.459
31  67  617.168   126.716
31  66  589.483   110.001
31  65  563.052   115.113
31  64  534.705   110.662
31  63  513   100.629
31  62  502.215   98.2922
31  61  479.362   103.689
31  60  461.296   103.755
31  59  448.472   98.7768
31  58  436.99   96.8161
31  57  419.241   90.3625
31  56  400.211   88.2817
31  55  390.387   86.9527
31  54  385.71   84.939
31  53  375.385   87.8372
31  52  374.525   86.0821
31  51  359.875   76.8334
31  50  355.245   76.8837
31  49  341.555   77.9233
31  48  337.95   76.635
31  47  332.684   78.416
31  46  331.75   76.4073
31  45  329.051   75.8167
31  44  317.89   68.6539
31  43  323.247   72.078
31  42  321.631   74.3347
31  41  314.425   73.5021
31  40  316.876   66.6255
31  39  307.824   69.6461
31  38  303.979   68.2103
31  37  291.659   68.5254
31  36  292.875   64.6016
31  35  268.731   67.0181
31  34  243.036   57.2034
30  68  550.37   144.987
30  67  594.234   110.904
30  66  578.505   104.503
30  65  577.214   114.006
30  64  543.035   108.41
30  63  520.755   107.354
30  62  483.953   104.625
30  61  469.502   98.3064
30  60  456.934   99.5617
30  59  442.62   89.3182
30  58  423.895   88.4562
30  57  419.828   90.4612
30  56  403.96   84.7399
30  55  390.952   86.369
30  54  379.735   81.4845
30  53  369.053   78.9994
30  52  352.368   80.1463
30  51  353.261   76.9535
30  50  354.935   78.0309
30  49  340.321   70.2097
30  48  330.587   71.3098
30  47  327.864   66.4476
30  46  323.25   70.1681
30  45  324.843   68.5528
30  44  323.491   74.4263
30  43  320.193   69.1454
30  42  316.524   65.5575
30  41  318.243   67.7215
30  40  307.952   60.3245
30  39  309.501   72.4023
30  38  297.499   60.5594
30  37  290.708   63.8591
30  36  264.216   54.8429
30  35  249.48   60.7061
29  68  557.757   138.007
29  67  622.593   116.315
29  66  596.778   106.55
29  65  571.802   101.592
29  64  548.39   101.649
29  63  534.23   106.297
29  62  525.159   100.899
29  61  493.761   95.1423
29  60  484.075   96.3772
29  59  475.397   91.9024
29  58  458.07   87.8041
29  57  441.452   85.9136
29  56  429.576   89.3981
29  55  423.953   86.7666
29  54  409.398   84.3083
29  53  396.666   85.1746
29  52  392.307   76.6021
29  51  387.488   74.8784
29  50  380.322   72.8923
29  49  376.129   77.6136
29  48  373.653   80.7768
29  47  372.563   77.6484
29  46  361.753   75.2706
29  45  362.122   75.5836
29  44  361.478   65.4932
29  43  360.082   71.2196
29  42  357.012   78.7832
29  41  348.011   74.3863
29  40  338.765   69.9737
29  39  322.379   66.6114
29  38  321.011   65.275
29  37  290.935   65.7663
29  36  263.56   70.8037
28  68  558.659   152.403
28  67  625.765   123.982
28  66  601.11   113.3
28  65  590.232   116.931
28  64  562.733   115.082
28  63  541.596   101.821
28  62  522.94   101.467
28  61  497.686   94.4306
28  60  495.588   95.278
28  59  481.464   96.9316
28  58  464.398   92.963
28  57  451.418   94.717
28  56  436.895   90.8368
28  55  421.463   93.1481
28  54  413.132   86.3423
28  53  403.267   90.0656
28  52  403.097   90.2482
28  51  391.318   83.0526
28  50  390.955   80.2288
28  49  374.834   81.8781
28  48  377.771   83.1575
28  47  351.934   74.3213
28  46  354.869   79.5361
28  45  358.19   77.1932
28  44  360.988   80.6378
28  43  348.298   76.6964
28  42  346.056   73.4955
28  41  335.199   72.6071
28  40  326.724   69.5588
28  39  315.927   71.6581
28  38  277.046   65.8312
28  37  242.666   83.1173
27  68  555.718   130.703
27  67  614.792   120.059
27  66  594.62   120.061
27  65  577.482   110.987
27  64  549.714   110.278
27  63  532.874   108.376
27  62  517.195   109.219
27  61  504.437   108.849
27  60  485.266   101.724
27  59  476.861   95.0024
27  58  455.958   91.7915
27  57  433.403   93.2385
27  56  429.116   94.8365
27  55  417.667   94.6099
27  54  399.36   86.8171
27  53  389.09   87.5022
27  52  377.153   78.262
27  51  367.605   89.7985
27  50  366.791   89.3212
27  49  364.844   80.9292
27  48  350.293   78.9998
27  47  340.285   86.4499
27  46  352.296   76.7941
27  45  349.309   79.3837
27  44  340.925   81.6312
27  43  333.918   79.67
27  42  319.858   71.6976
27  41  318.549   77.3438
27  40  307.643   76.692
27  39  276.725   68.4443
26  68  554.347   142.249
26  67  620.231   129.104
26  66  595   118.522
26  65  576.248   113.573
26  64  543.097   113.563
26  63  530.642   115.797
26  62  506.95   94.3375
26  61  496.594   105.641
26  60  480.263   100.015
26  59  466.934   97.4234
26  58  442.935   87.8957
26  57  440.869   90.6528
26  56  429.524   93.9549
26  55  406.742   89.3036
26  54  393.943   84.0848
26  53  387.725   89.3275
26  52  384.809   82.5218
26  51  365.951   76.0552
26  50  376.63   84.3252
26  49  367.632   85.5444
26  48  355.068   71.6031
26  47  343.749   74.7218
26  46  339.789   81.2674
26  45  345.114   73.6775
26  44  336.189   83.9574
26  43  327.205   80.0214
26  42  322.968   77.8772
26  41  305.269   67.9621
26  40  276.844   72.6107
25  68  549.357   140.93
25  67  614.518   123.21
25  66  585.221   119.557
25  65  558.859   107.862
25  64  544.067   107.021
25  63  522.937   111.523
25  62  497.287   98.6747
25  61  486.812   103.265
25  60  460.928   95.1933
25  59  448.449   91.5308
25  58  437.897   92.5025
25  57  424.207   97.3265
25  56  399.93   93.373
25  55  392.152   90.1246
25  54  378.785   87.0615
25  53  369.666   83.031
25  52  361.572   83.9493
25  51  349.868   78.7143
25  50  354.295   84.6055
25  49  339.006   70.8899
25  48  343.02   86.2134
25  47  330.427   80.0387
25  46  333.403   71.5263
25  45  324.596   71.8822
25  44  319.937   71.4994
25  43  320.462   73.1517
25  42  302.743   67.8071
25  41  265.952   73.1081
24  68  575.455   149.122
24  67  627.214   128.762
24  66  603.828   118.954
24  65  575.107   119.502
24  64  546.828   117.233
24  63  532.537   106.734
24  62  506.085   107.516
24  61  495.232   103.577
24  60  486.433   106.304
24  59  458.568   102.998
24  58  445.328   106.232
24  57  435.139   97.4478
24  56  418.616   96.848
24  55  400.619   103.688
24  54  394.443   95.8112
24  53  372.942   89.4288
24  52  374.453   95.4987
24  51  367.805   86.3983
24  50  361.748   87.2153
24  49  348.451   91.9249
24  48  337.69   87.2142
24  47  331.866   74.2676
24  46  334.25   83.4725
24  45  333.533   82.2292
24  44  327.693   81.4242
24  43  309.471   76.3908
24  42  257.797   79.9158
23  68  557.982   136.656
23  67  610.976   123.757
23  66  588.695   113.318
23  65  570.572   110.631
23  64  547.37   106.37
23  63  529.424   103.646
23  62  504.024   95.473
23  61  496.932   95.4332
23  60  481.423   96.5506
23  59  459.476   102.091
23  58  445.384   92.9985
23  57  432.529   87.283
23  56  417.596   86.585
23  55  404.405   93.2344
23  54  393.666   81.0677
23  53  380.913   88.9115
23  52  380.379   75.7665
23  51  365.4   80.2579
23  50  371.802   84.3698
23  49  352.885   80.5786
23  48  357.301   85.8767
23  47  341.515   74.1753
23  46  351.107   78.9188
23  45  339.589   74.6726
23  44  328.488   74.9164
23  43  277.368   66.538
22  68  553.79   136.255
22  67  620.324   126.562
22  66  589.994   110.833
22  65  572.339   114.811
22  64  554.346   115.217
22  63  529.506   111.842
22  62  504.633   99.8466
22  61  496.167   96.5097
22  60  472.212   100.276
22  59  463.656   96.4375
22  58  442.516   92.031
22  57  422.752   91.4331
22  56  411.115   90.6818
22  55  397.437   93.8045
22  54  394.094   90.7988
22  53  377.516   88.3094
22  52  375.485   85.6681
22  51  372.73   84.8338
22  50  364.519   86.3527
22  49  363.48   84.7334
22  48  343.574   83.229
22  47  333.079   77.113
22  46  330.066   84.4698
22  45  317.345   72.2295
22  44  267.793   86.0146
21  68  569.184   135.046
21  67  622.288   122.713
21  66  592.764   109.185
21  65  580.739   110.381
21  64  565.344   113.41
21  63  539.597   112.391
21  62  530.465   104.972
21  61  507.086   102.781
21  60  490.183   103.399
21  59  482.497   102.99
21  58  466.627   95.4544
21  57  449.529   91.9425
21  56  437.657   89.0128
21  55  424.587   95.2098
21  54  412.931   88.5423
21  53  400.556   86.1327
21  52  398.091   81.9096
21  51  385.435   83.8245
21  50  387.772   75.2993
21  49  367.154   80.6097
21  48  378.37   85.6579
21  47  360.829   84.4177
21  46  337.298   76.9084
21  45  306.688   77.1111
20  68  571.635   139.467
20  67  612.179   116.629
20  66  599.877   117.196
20  65  585.484   120.499
20  64  567.365   111.18
20  63  540.478   109.882
20  62  537.189   111.492
20  61  510.648   102.02
20  60  488.775   102.519
20  59  474.706   100.175
20  58  461.568   99.0906
20  57  452.484   106.642
20  56  437.795   93.0736
20  55  420.093   94.0911
20  54  409.658   96.2688
20  53  396.138   95.5776
20  52  387.524   85.7212
20  51  387.448   82.7273
20  50  372.887   80.5952
20  49  361.582   90.3905
20  48  352.248   81.0367
20  47  330.819   79.2697
20  46  265.827   70.012
19  68  558.593   134.033
19  67  614.727   108.693
19  66  606.595   119.239
19  65  582.608   107.06
19  64  557.795   107.247
19  63  539.601   102.796
19  62  520.833   104.096
19  61  508.846   101.202
19  60  491.527   94.9659
19  59  477.916   94.7703
19  58  461.981   90.2709
19  57  443.375   86.3426
19  56  433.86   90.4114
19  55  423.836   90.9191
19  54  411.421   88.9727
19  53  400.04   87.8346
19  52  395.999   87.638
19  51  389.572   71.529
19  50  366.34   71.9487
19  49  363.364   80.1436
19  48  325.27   84.1896
19  47  264.457   133.42
18  68  561.318   138.165
18  67  608.26   125.59
18  66  593.712   115.525
18  65  584.844   122.648
18  64  547.42   109.917
18  63  527.439   113.79
18  62  504.034   113.293
18  61  489.932   102.165
18  60  465.906   102.169
18  59  452.927   104.498
18  58  437.928   94.0296
18  57  424.992   96.1511
18  56  411.514   103.124
18  55  399.931   91.9237
18  54  388.815   95.9788
18  53  373.981   93.0759
18  52  354.945   91.1328
18  51  350.431   75.3632
18  50  338.267   83.0492
18  49  305.827   89.2333
18  48  211.033   160.313
17  68  548.395   140.908
17  67  617.718   120.399
17  66  592.668   110.917
17  65  567.675   114.563
17  64  548.007   112.069
17  63  534.033   104.283
17  62  511.156   106.298
17  61  500.598   100.325
17  60  486.202   111.676
17  59  464.012   101.615
17  58  455.082   99.7752
17  57  436.514   96.6817
17  56  424.391   95.0613
17  55  411.647   91.5783
17  54  399.751   89.5718
17  53  383.408   88.3952
17  52  372.86   86.5395
17  51  361.871   87.2703
17  50  313.534   75.2974
17  49  254.614   200
16  68  564.915   150.486
16  67  607.888   106.089
16  66  588.702   117.622
16  65  571.729   111.987
16  64  549.22   108.909
16  63  529.823   101.721
16  62  507.829   99.9066
16  61  489.564   99.9132
16  60  486.942   105.793
16  59  470.376   102.581
16  58  455.813   103.638
16  57  437.994   89.9469
16  56  418.655   89.0218
16  55  406.165   94.6058
16  54  397.199   89.7039
16  53  388.556   86.6419
16  52  354.069   81.6839
16  51  312.378   75.3541
15  68  564.018   135.558
15  67  619.134   122.538
15  66  596.975   113.813
15  65  575.409   112.397
15  64  558.019   107.203
15  63  540.825   102.873
15  62  521.51   100.126
15  61  507.66   99.0036
15  60  492.458   96.0376
15  59  476.713   94.0134
15  58  464.313   91.3115
15  57  453.498   91.7784
15  56  442.354   88.0694
15  55  424.144   85.3943
15  54  414.229   85.0194
15  53  383.135   82.4725
15  52  333.901   73.1749
14  68  554.278   138.358
14  67  618.367   116.037
14  66  594.417   110.177
14  65  575.649   111.814
14  64  553.852   104.163
14  63  545.121   106.045
14  62  522.115   97.5707
14  61  507.23   95.9249
14  60  489.041   93.4157
14  59  478.777   89.4165
14  58  469.15   89.1107
14  57  459.88   85.9349
14  56  445.59   84.2725
14  55  429.093   84.5328
14  54  401.008   84.6607
14  53  339.811   80.9677
13  68  551.271   132.834
13  67  606.427   116.765
13  66  585.899   114.493
13  65  553.961   106.575
13  64  534.013   103.051
13  63  515.243   95.6129
13  62  501.821   95.0274
13  61  481.721   93.2801
13  60  464.426   90.539
13  59  450.2   86.2044
13  58  436.965   82.6117
13  57  425.288   83.0963
13  56  416.599   82.29
13  55  382.954   79.9962
13  54  334.901   113.578
12  68  553.836   137.745
12  67  607.152   120.254
12  66  589.593   116.695
12  65  553.523   109.374
12  64  533.181   106.755
12  63  511.945   102.041
12  62  498.621   97.4223
12  61  478.685   94.8575
12  60  464.79   88.0491
12  59  455.569   88.194
12  58  439.789   82.979
12  57  427.897   83.5191
12  56  394.578   82.5469
12  55  368.559   200
11  68  558.525   137.21
11  67  606.073   122.005
11  66  581.4   114.739
11  65  555.079   108.232
11  64  536.571   106.898
11  63  511.267   105.197
11  62  492.299   97.5708
11  61  474.385   95.3788
11  60  463.258   90.7525
11  59  452.213   86.2025
11  58  428.547   81.9447
11  57  397.668   85.1059
10  68  558.192   155.176
10  67  612.11   129.702
10  66  587.199   118.987
10  65  565.596   121.653
10  64  547.671   112.711
10  63  528.835   113.034
10  62  505.206   110.252
10  61  488.43   101.89
10  60  470.645   98.56
10  59  451.133   101.685
10  58  408.187   106.301
9  68  552.751   144.276
9  67  608.37   124.104
9  66  583.89   118.996
9  65  561.407   111.808
9  64  540.822   109.647
9  63  520.263   100.985
9  62  505.578   101.015
9  61  486.897   97.2823
9  60  465.02   98.3708
9  59  418.251   101.526
8  68  565.918   150.375
8  67  608.942   123.117
8  66  583.463   117.624
8  65  558.079   114.966
8  64  537.457   111.252
8  63  514.142   111.623
8  62  493.282   102.94
8  61  460.204   100.13
8  60  387.786   109.234
7  68  557.98   135.058
7  67  602.193   115.538
7  66  567.927   111.608
7  65  547.261   105.158
7  64  517.714   96.975
7  63  492.53   94.7628
7  62  462.536   92.5721
7  61  389.648   101.484
6  68  541.772   140.1
6  67  588.28   114.807
6  66  565.933   109.012
6  65  544.062   109.825
6  64  514.887   110.416
6  63  473.885   104.528
6  62  399.424   101.485
5  68  547.325   136.683
5  67  586.079   113.579
5  66  557.038   109.52
5  65  535.872   108.854
5  64  488.569   113.187
5  63  404.632   122.33
4  68  516.978   130.267
4  67  565.267   111.983
4  66  534.91   109.538
4  65  481.716   113.485
4  64  382.728   112.9
3  68  528.56   138.827
3  67  571.657   115.352
3  66  511.907   128.893
3  65  405.324   119.12
2  68  625.284   197.129
2  67  651.695   172.558
2  66  560.616   200
