  3255.000    
  3815.000    
  3465.000    
  2275.000    
  3080.000    
  3430.000    
  4165.000    
  4655.000    
  3430.000    
  3815.000    
  4235.000    
  3745.000    
  3920.000    
  4270.000    
  3920.000    
  3745.000    
  4200.000    
  3745.000    
  3885.000    
  3640.000    
  3990.000    
  4060.000    
  4060.000    
  4095.000    
  2415.000    
  3290.000    
  4865.000    
  4200.000    
  3990.000    
  3815.000    
  3465.000    
  4480.000    
  5285.000    
  3570.000    
  3080.000    
  3080.000    
  3535.000    
  3675.000    
  2240.000    
  3885.000    
  3430.000    
  4305.000    
  4305.000    
  5180.000    
  4515.000    
  3885.000    
  3535.000    
  3325.000    
  4865.000    
  4235.000    
  3850.000    
  2135.000    
  5495.000    
  5075.000    
  4830.000    
  5180.000    
  4270.000    
  4725.000    
  4900.000    
  4340.000    
  3955.000    
  5040.000    
  4165.000    
  5005.000    
  3885.000    
  4865.000    
  4060.000    
  2625.000    
  2170.000    
  5425.000    
  3850.000    
  3710.000    
  4270.000    
  4025.000    
  3640.000    
  3220.000    
  5110.000    
  4305.000    
  3570.000    
  3920.000    
  4480.000    
  3745.000    
  4060.000    
  3885.000    
  3745.000    
  3815.000    
  2275.000    
  5740.000    
  4655.000    
  3115.000    
  3920.000    
  3605.000    
  4340.000    
  4095.000    
  3780.000    
  3395.000    
  2905.000    
  2835.000    
  3955.000    
  3150.000    
  3360.000    
  4095.000    
  3815.000    
  4130.000    
  4725.000    
  3780.000    
  5460.000    
  3605.000    
  2660.000    
  4970.000    
  3080.000    
  5180.000    
  4130.000    
  3710.000    
  3640.000    
  3605.000    
  3570.000    
  2940.000    
  5110.000    
  3360.000    
  4305.000    
  3430.000    
  3745.000    
  3045.000    
  3885.000    
  3570.000    
  3605.000    
  4235.000    
  3640.000    
  3430.000    
  4000.000    
  4000.000    
  4000.000    
  4000.000    
  4000.000    
  4000.000    
  2380.000    
  3640.000    
  3990.000    
  3640.000    
  3885.000    
  3815.000    
  3920.000    
  4480.000    
  4060.000    
  2205.000    
  4620.000    
  3360.000    
  4340.000    
  3955.000    
  3990.000    
  4830.000    
  5250.000    
  3150.000    
  3920.000    
  4935.000    
  4270.000    
  3745.000    
  3255.000    
  5600.000    
  4795.000    
  3885.000    
  3850.000    
  4410.000    
  3325.000    
  5215.000    
  4375.000    
  3675.000    
  4795.000    
  3745.000    
  4375.000    
  4305.000    
  4760.000    
  3745.000    
  3850.000    
  4830.000    
  4900.000    
  4515.000    
  4060.000    
  4025.000    
  5180.000    
  4165.000    
  4130.000    
  3500.000    
  4410.000    
  3045.000    
  3640.000    
  4550.000    
  3535.000    
  3745.000    
  4165.000    
  4690.000    
  4340.000    
  3990.000    
  4550.000    
  4060.000    
  3780.000    
  4130.000    
  4000.000    
  4000.000    
  4000.000    
  4000.000    
  4000.000    
  4000.000    
