1    650    0    0
2    650    0    0
3    650    -0.009    0
4    650    -0.009    0
5    616.113    -0.00639717    33.8858
6    649.996    -0.00717551    0.0046356
7    649.968    -0.00318808    0.0319326
8    649.972    -0.00232476    0.0273016
9    649.146    -0.00112904    0.854413
10    649.999    -0.00281005    0.000286188
11    649.993    -0.00286292    0.00718601
12    650    -0.0041656    0.000445736
13    650    -0.003283    0.000103724
14    649.997    -0.00376077    5.37227e-06
15    650.001    -0.00339912    6.96689e-06
16    649.997    -0.00305411    8.14649e-06
17    649.999    -0.00345134    9.95183e-09
18    649.998    -0.00310718    4.19396e-07
19    650    -0.00311517    5.01049e-06
20    650    -0.00281725    6.09084e-06
21    650    -0.00315783    3.38135e-05
22    650    -0.00328681    2.55834e-08
23    650    -0.00316776    2.15877e-05
24    649.999    -0.00317021    4.66803e-05
25    650    -0.00327065    5.9556e-06
26    650.001    -0.00309179    1.40689e-08
27    551.087    -0.00385902    98.9141
28    649.997    -0.00307714    7.49416e-05
29    419.522    -0.00552754    230.477
30    650    -0.00316014    0.000130702
31    650.001    -0.00312815    2.25921e-06
32    585.658    -0.00373922    64.3455
33    581.001    -0.00374214    68.997
34    650.002    -0.00328878    0.000131253
35    650    -0.00332314    1.43305e-05
36    649.998    -0.00340294    1.07435e-07
37    556.399    -0.00428136    93.5991
38    483.854    -0.00534903    166.146
39    482.458    -0.00431684    167.541
40    392.765    -0.00669036    257.235
41    499.22    -0.00443664    150.78
42    513.839    -0.00445738    136.164
43    581.507    -0.00388427    68.4914
44    391.463    -0.00757633    258.536
45    434.393    -0.00632194    215.608
46    463.813    -0.00513914    186.187
47    413.809    -0.00605594    236.189
48    442.234    -0.00592955    207.766
49    509.976    -0.00449146    140.024
50    443.895    -0.00614484    206.105
51    425.765    -0.00641114    224.233
52    504.812    -0.00511618    145.188
53    454.838    -0.0061679    195.162
54    406.411    -0.00766326    243.589
55    415.976    -0.00690821    234.026
56    421.326    -0.00710769    228.675
57    435.635    -0.00660386    214.362
58    411.518    -0.00663318    238.483
59    438.882    -0.00625669    211.118
60    423.763    -0.00618908    226.238
61    444.671    -0.0063621    205.328
62    438.481    -0.00674885    211.519
63    437.138    -0.00564978    212.862
64    482.525    -0.00495599    167.473
65    473.388    -0.00516614    176.613
66    465.633    -0.00500512    184.367
67    455.941    -0.00479029    194.059
68    410.201    -0.00506009    239.798
