68  62  509.487   144.413
68  61  559.897   160.734
68  60  611.783   156.652
68  59  595.827   152.828
68  58  620.304   134.716
68  57  601.774   141.774
68  56  593.097   132.948
68  55  580.424   137.218
68  54  583.509   134.02
68  53  569.322   131.874
68  52  563.101   123.646
68  51  551.97   126.471
68  50  540.058   126.526
68  49  535.499   129.493
68  48  528.717   124.114
68  47  520.355   114.914
68  46  509.23   117.741
68  45  500.028   115.195
68  44  499.338   112.412
68  43  484.426   113.798
68  42  488.6   116.699
68  41  474.492   105.993
68  40  469.322   109.49
68  39  466.706   108.66
68  38  463.213   105.282
68  37  455.981   106.3
68  36  447.578   101.267
68  35  446.521   103.431
68  34  441.361   98.6558
68  33  433.763   99.1031
68  32  433.925   93.4605
68  31  424.784   95.2383
68  30  424.618   92.783
68  29  413.989   96.0941
68  28  408.467   88.0655
68  27  405.023   90.5563
68  26  398.935   87.6361
68  25  395.89   87.3135
68  24  387.211   84.049
68  23  388.192   87.5973
68  22  383.198   86.2366
68  21  379.375   85.0764
68  20  373.683   77.0076
68  19  374.631   80.9382
68  18  367.377   74.7162
68  17  367.263   77.6837
68  16  364.23   82.5269
68  15  357.941   78.4521
68  14  354.737   74.2487
68  13  347.278   67.5664
68  12  340.344   69.2537
68  11  335.56   70.0088
68  10  331.343   67.3679
68  9  328.521   66.6505
68  8  320.899   63.2422
68  7  317.5   61.8174
68  6  313.824   58.5735
68  5  309.451   56.9986
68  4  307.452   56.5877
68  3  302.847   54.4224
68  2  287.987   54.3819
67  62  493.797   138.41
67  61  588.388   121.88
67  60  612.774   119.361
67  59  616.906   122.008
67  58  608.171   118.383
67  57  598.522   122.886
67  56  594.346   115.407
67  55  582.532   121.366
67  54  564.8   113.106
67  53  564.803   111.253
67  52  549.342   116.69
67  51  541.627   110.763
67  50  530.826   108.434
67  49  529.39   109.064
67  48  512.172   104.253
67  47  514.926   108.468
67  46  496.627   109.614
67  45  500.125   110.816
67  44  479.85   104.342
67  43  481.218   108.318
67  42  477.052   95.365
67  41  470.543   99.4978
67  40  462.166   99.9951
67  39  455.77   101.892
67  38  446.146   97.4778
67  37  443.168   95.9296
67  36  429.133   94.181
67  35  436.97   85.9668
67  34  421.11   92.7616
67  33  417.076   89.2296
67  32  410.029   92.1376
67  31  403.042   89.9193
67  30  395.668   85.8022
67  29  398.611   84.6676
67  28  391.876   88.0955
67  27  385.47   86.6666
67  26  382.386   79.9974
67  25  376.418   81.2679
67  24  368.324   76.9527
67  23  367.571   81.1357
67  22  362.54   77.4406
67  21  361.843   76.3261
67  20  357.866   79.3411
67  19  353.232   83.3174
67  18  348.251   73.4668
67  17  348.056   77.8464
67  16  342.964   78.0824
67  15  337.948   76.3394
67  14  330.188   76.8433
67  13  326.434   74.1201
67  12  318.879   71.8183
67  11  313.499   70.0079
67  10  307.897   68.982
67  9  300.825   63.2808
67  8  296.774   64.0466
67  7  290.38   62.4519
67  6  285.796   61.56
67  5  280.351   59.5703
67  4  278.383   54.3212
67  3  268.242   56.0969
67  2  239.787   51.1778
66  62  501.18   140.516
66  61  608.353   122.318
66  60  628.526   127.068
66  59  621.099   123.326
66  58  612.548   120.949
66  57  611.265   121.799
66  56  594.544   123.508
66  55  579.228   115.766
66  54  573.395   110.395
66  53  558.148   112.233
66  52  541.348   109.765
66  51  545.009   106.834
66  50  525.98   110.335
66  49  525.125   111.472
66  48  508.011   104.178
66  47  509.626   107.729
66  46  490.997   100.554
66  45  486.389   104.086
66  44  478.85   102.535
66  43  475.936   101.332
66  42  462.69   96.4345
66  41  458.051   97.391
66  40  457.48   102.509
66  39  451.442   97.3092
66  38  436.232   91.5684
66  37  433.156   91.1539
66  36  430.948   99.3694
66  35  423.42   93.7099
66  34  408.592   89.4384
66  33  409.577   88.2519
66  32  407.438   84.9674
66  31  403.48   88.098
66  30  392.534   84.4122
66  29  388.677   84.1875
66  28  384.915   81.6044
66  27  379.798   85.091
66  26  373.882   78.8488
66  25  367.975   80.0794
66  24  357.219   76.5708
66  23  360.525   77.8706
66  22  357.751   77.4731
66  21  352.971   78.1976
66  20  345.441   75.8796
66  19  340.957   81.6531
66  18  335.913   75.5177
66  17  337.556   82.3885
66  16  331.186   79.2134
66  15  329.257   75.2112
66  14  324.688   74.9401
66  13  317.065   73.3332
66  12  307.732   73.2249
66  11  300.586   68.3691
66  10  296.79   70.2492
66  9  288.997   67.4666
66  8  285.851   64.4216
66  7  279.402   64.5521
66  6  272.814   64.0946
66  5  267.94   60.7435
66  4  261.098   59.5719
66  3  234.638   59.2998
66  2  193.824   48.4027
65  62  491.632   141.42
65  61  622.85   133.101
65  60  631.875   130.599
65  59  626.175   123.537
65  58  614.175   125.479
65  57  612.788   118.41
65  56  586.547   121.617
65  55  586.005   120.569
65  54  560.43   114.715
65  53  558.798   114.481
65  52  535.535   116.135
65  51  540.645   116.819
65  50  525.831   118.651
65  49  520.42   101.707
65  48  502.515   106.075
65  47  498.854   109.699
65  46  482.262   105.705
65  45  481.574   100.732
65  44  469.724   103.295
65  43  472.887   102.785
65  42  459.586   98.0825
65  41  459.71   104.273
65  40  436.318   101.219
65  39  442.901   97.1807
65  38  431.017   100.599
65  37  424.673   94.9765
65  36  423.258   94.8971
65  35  416.354   94.7509
65  34  405.638   91.1681
65  33  403.376   95.4489
65  32  396.444   89.6861
65  31  396.785   93.1175
65  30  386.193   96.191
65  29  378.585   88.9515
65  28  376.649   84.6199
65  27  364.327   85.36
65  26  358.605   82.6431
65  25  359.492   82.434
65  24  354.455   82.469
65  23  352.325   81.335
65  22  349.045   80.991
65  21  347.728   82.7324
65  20  337.847   82.3123
65  19  335.316   78.4899
65  18  330.217   78.1006
65  17  325.797   74.5343
65  16  325.406   78.185
65  15  321.433   78.6161
65  14  313.718   77.553
65  13  303.817   75.9636
65  12  298.406   74.5744
65  11  291.583   72.9667
65  10  283.312   70.7589
65  9  279.788   69.4049
65  8  274.311   67.609
65  7  265.436   66.2407
65  6  262.323   64.5283
65  5  252.265   63.2559
65  4  229.317   59.2398
65  3  191.878   51.739
64  62  497.317   141.642
64  61  626.258   131.908
64  60  618.564   138.345
64  59  633.989   125.853
64  58  599.055   112.136
64  57  610.77   122.033
64  56  578.436   111.186
64  55  579.47   113.341
64  54  556.481   115.04
64  53  556.956   112.431
64  52  537.435   113.578
64  51  537.678   105.715
64  50  520.512   121.037
64  49  523.292   109.623
64  48  497.663   108.441
64  47  505.635   113.379
64  46  477.571   94.1054
64  45  485.253   104.894
64  44  470.042   98.5575
64  43  470.161   104.187
64  42  453.182   100.05
64  41  455.815   93.1477
64  40  444.323   101.677
64  39  437.574   98.7343
64  38  428.435   93.8511
64  37  426.708   93.6184
64  36  414.425   89.6457
64  35  418.101   91.2996
64  34  405.826   89.4151
64  33  398.973   88.4907
64  32  395.721   85.1566
64  31  392.258   94.2728
64  30  378.969   89.9589
64  29  380.189   89.2709
64  28  377.121   85.9254
64  27  368.822   87.3076
64  26  362.768   81.6027
64  25  362.518   81.8517
64  24  350.516   75.6921
64  23  350.909   76.4181
64  22  347.717   82.6283
64  21  343.842   84.1761
64  20  338.839   76.9139
64  19  334.029   78.721
64  18  326.259   80.2632
64  17  326.214   75.23
64  16  319.056   78.3913
64  15  317.603   77.9674
64  14  309.74   73.516
64  13  303.307   72.4936
64  12  292.986   70.7977
64  11  286.964   68.2366
64  10  283.089   68.4032
64  9  274.798   67.1616
64  8  269.749   65.9984
64  7  263.243   63.1404
64  6  256.784   63.7119
64  5  231.831   59.8502
64  4  186.725   48.3755
63  62  503.599   130.588
63  61  621.144   116.655
63  60  627.823   123.224
63  59  627.746   115.842
63  58  620.513   122.169
63  57  599.772   111.182
63  56  588.999   118.013
63  55  571.715   108.638
63  54  566.138   111.358
63  53  556.244   104.681
63  52  541.333   110.246
63  51  533.387   103.382
63  50  513.041   104.441
63  49  513.781   99.9526
63  48  499.879   95.9302
63  47  502.061   95.2179
63  46  493.539   101.608
63  45  479.974   91.0107
63  44  474.551   106.608
63  43  468.838   91.1419
63  42  459.632   97.1303
63  41  451.221   87.6622
63  40  443.632   85.5899
63  39  447.512   90.6932
63  38  439.02   92.0808
63  37  428.05   84.7712
63  36  412.706   86.792
63  35  418.444   87.1101
63  34  403.503   83.8822
63  33  406.151   79.0872
63  32  400.707   85.0422
63  31  394.455   82.4166
63  30  393.026   77.3802
63  29  387.452   84.2385
63  28  385.732   81.6787
63  27  376.051   80.6886
63  26  370.121   80.1461
63  25  363.746   76.0892
63  24  367.44   74.6326
63  23  357.997   73.3644
63  22  353.644   79.5948
63  21  352.586   73.0958
63  20  352.211   77.4478
63  19  347.687   74.8618
63  18  343.55   72.7899
63  17  335.795   74.5193
63  16  337.095   74.6088
63  15  330.21   71.3015
63  14  320.572   68.4018
63  13  314.73   67.9639
63  12  310.13   66.7419
63  11  304.018   65.0658
63  10  298.717   65.2653
63  9  292.518   61.9913
63  8  286.463   60.7692
63  7  278.73   57.8218
63  6  256.961   54.7468
63  5  218.051   46.1217
62  62  518.612   137.344
62  61  633.083   127.446
62  60  625.307   122.735
62  59  614.031   121.205
62  58  608.644   120.712
62  57  598.277   110.733
62  56  582.344   128.586
62  55  560.872   111.401
62  54  550.887   116.669
62  53  534.229   110.072
62  52  523.522   107.608
62  51  504.052   104.544
62  50  505.682   104.849
62  49  488.79   104.345
62  48  479.31   96.2511
62  47  467.732   96.8025
62  46  466.697   98.2649
62  45  460.277   95.6598
62  44  449.559   96.1941
62  43  436.148   93.8883
62  42  431.007   92.6931
62  41  425.491   94.2369
62  40  414.271   92.0369
62  39  407.118   84.6789
62  38  398.498   87.8114
62  37  399.277   83.6294
62  36  392.191   82.4431
62  35  392.719   84.147
62  34  385.581   82.8141
62  33  372.221   84.3179
62  32  370.036   80.3515
62  31  368.725   81.6147
62  30  372.222   81.2186
62  29  357.335   86.0065
62  28  354.67   75.3078
62  27  345.818   76.8484
62  26  343.453   74.8174
62  25  335.539   79.9599
62  24  335.926   73.0248
62  23  333.62   73.134
62  22  330.616   75.2335
62  21  324.334   70.9794
62  20  323.145   75.1262
62  19  319.775   70.9283
62  18  313.751   68.0535
62  17  312.626   66.0244
62  16  307.735   66.0973
62  15  303.551   66.6195
62  14  294.075   62.732
62  13  288.299   61.1244
62  12  281.834   60.1229
62  11  278.462   56.4972
62  10  272.336   56.8465
62  9  265.515   55.232
62  8  260.267   51.3095
62  7  245.359   50.1758
62  6  224.439   45.1363
61  62  531.741   128.846
61  61  615.528   123.571
61  60  616.407   118.43
61  59  608.477   117.003
61  58  598.106   121.135
61  57  582.61   127.322
61  56  574.864   116.352
61  55  563.34   115.081
61  54  554.107   110.626
61  53  539.422   118.974
61  52  524.599   110.354
61  51  517.671   102.056
61  50  507.398   107.627
61  49  491.016   104.619
61  48  493.537   102.714
61  47  477.679   102.419
61  46  470.919   101.768
61  45  461.312   98.3241
61  44  450.291   94.0756
61  43  442.45   95.0285
61  42  440.578   93.0758
61  41  428.156   88.0392
61  40  422.304   90.3117
61  39  417.525   86.4807
61  38  408.463   86.2428
61  37  398.733   84.0535
61  36  399.142   91.0499
61  35  389.367   86.1845
61  34  383.473   77.42
61  33  379.93   83.1551
61  32  377.981   81.5954
61  31  368.602   81.2326
61  30  368.855   76.8182
61  29  357.838   76.6006
61  28  353.043   72.8369
61  27  348.546   78.8743
61  26  344.522   77.5331
61  25  340.716   73.2347
61  24  336.071   74.2665
61  23  335.566   71.4307
61  22  328.852   67.8819
61  21  323.519   72.8017
61  20  316.475   68.5591
61  19  318.081   64.954
61  18  310.833   66.1413
61  17  309.523   66.0154
61  16  311.404   65.605
61  15  301.635   63.7163
61  14  295.384   62.9135
61  13  290.2   61.4902
61  12  287.008   60.4331
61  11  280.363   57.0521
61  10  273.376   53.9887
61  9  268.514   54.1002
61  8  256.34   50.3033
61  7  234.568   49.4806
60  62  515.301   123.095
60  61  610.137   116.192
60  60  625.163   111.787
60  59  602.968   112.637
60  58  605.923   106.707
60  57  582.129   105.659
60  56  580.919   104.406
60  55  570.654   107.775
60  54  558.713   100.157
60  53  544.514   101.723
60  52  533.367   97.6128
60  51  524.744   95.1055
60  50  518.829   98.576
60  49  507.147   98.8486
60  48  497.698   99.5157
60  47  489.532   98.3397
60  46  477.084   92.3064
60  45  469.872   90.2814
60  44  461.64   87.1188
60  43  459.11   87.0215
60  42  443.407   82.862
60  41  441.953   81.0146
60  40  439.935   83.5153
60  39  428.823   73.2464
60  38  420.263   83.5531
60  37  413.667   80.0251
60  36  413.54   80.2538
60  35  404.52   80.5314
60  34  400.572   80.5957
60  33  395.25   76.2195
60  32  392.64   75.318
60  31  384.474   73.2435
60  30  380.005   77.1712
60  29  380.858   79.0672
60  28  370.818   72.3639
60  27  373.784   70.0161
60  26  366.262   68.7864
60  25  360.579   69.4063
60  24  352.114   69.5646
60  23  351.824   71.504
60  22  348.261   67.2634
60  21  344.745   66.0667
60  20  336.415   66.5638
60  19  334.393   65.4548
60  18  331.732   68.6183
60  17  333.498   60.8892
60  16  329.644   64.024
60  15  321.872   61.7604
60  14  315.348   60.4185
60  13  308.361   56.6994
60  12  304.562   53.9289
60  11  301.266   55.0014
60  10  293.129   50.9984
60  9  280.333   50.7081
60  8  255.42   45.7319
59  62  511.553   127.175
59  61  610.846   122.056
59  60  628.864   116.425
59  59  620.077   120.172
59  58  608.148   115.812
59  57  591.076   115.737
59  56  581.366   110.103
59  55  558.594   117.394
59  54  554.18   109.488
59  53  535.268   112.113
59  52  525.671   106.114
59  51  515.723   105.597
59  50  512.246   104.803
59  49  493.416   93.2012
59  48  485.638   102.383
59  47  477.663   92.2836
59  46  473.387   92.7877
59  45  465.903   100.069
59  44  451.118   89.3155
59  43  448.79   94.8761
59  42  441.268   95.9161
59  41  434.169   84.9157
59  40  430.176   86.5556
59  39  418.994   82.7378
59  38  413.828   78.9364
59  37  407.286   88.4806
59  36  405.311   84.5027
59  35  393.466   84.2756
59  34  388.597   76.1719
59  33  387.374   78.2395
59  32  382.973   86.9315
59  31  387.156   77.3078
59  30  378.461   76.2288
59  29  362.939   77.3076
59  28  363.523   75.0346
59  27  358.529   73.7391
59  26  348.318   69.5001
59  25  350.567   73.2534
59  24  342.537   71.4476
59  23  341.732   71.9885
59  22  338.378   70.3105
59  21  337.298   70.811
59  20  333.151   65.5723
59  19  326.314   66.6471
59  18  322.505   66.8009
59  17  317.022   66.1693
59  16  309.207   62.4046
59  15  308.333   63.6792
59  14  302.328   61.981
59  13  296.216   60.0324
59  12  289.201   58.1511
59  11  281.703   57.086
59  10  268.582   53.9366
59  9  244.152   51.0225
58  62  545.181   116.076
58  61  608.803   104.81
58  60  629.573   115.814
58  59  616.172   108.56
58  58  604.225   103.474
58  57  587.352   108.81
58  56  583.297   100.849
58  55  560.214   94.1673
58  54  556.036   93.9355
58  53  538.471   97.5802
58  52  533.044   96.7017
58  51  526.763   102.963
58  50  511.536   88.1077
58  49  506.099   89.6635
58  48  492.978   93.7588
58  47  481.839   89.754
58  46  468.669   83.2854
58  45  462.505   87.681
58  44  460.067   87.5113
58  43  455.278   85.1321
58  42  441.192   80.5516
58  41  434.588   79.1839
58  40  431.683   77.6375
58  39  425.151   78.866
58  38  417.802   76.0307
58  37  412.428   76.6491
58  36  413.482   75.5676
58  35  413.376   73.7003
58  34  399.803   73.0521
58  33  398.37   73.2511
58  32  389.731   72.0782
58  31  387.799   72.5804
58  30  379.621   71.3293
58  29  375.94   73.6673
58  28  373.818   72.3129
58  27  368.387   69.7489
58  26  367.677   73.0226
58  25  361.16   65.1212
58  24  356.587   67.8122
58  23  350.026   64.3013
58  22  348.484   67.3154
58  21  337.948   59.5378
58  20  339.022   63.7519
58  19  335.222   66.0292
58  18  332.529   60.2647
58  17  328.66   58.9811
58  16  330.057   60.8256
58  15  324.436   59.7608
58  14  318.874   59.4752
58  13  310.219   56.1548
58  12  301.066   52.4414
58  11  293.106   50.5557
58  10  268.373   48.7053
57  62  527.32   130.709
57  61  600.926   121.102
57  60  630.734   119.469
57  59  599.15   116.663
57  58  603.577   114.487
57  57  576.21   113.03
57  56  576.076   113.096
57  55  556.067   104.852
57  54  550.153   99.0855
57  53  532.559   99.1227
57  52  522.78   101.613
57  51  512.928   100.597
57  50  499.415   100.312
57  49  492.66   96.9713
57  48  484.287   97.4999
57  47  468.089   92.2616
57  46  459.104   90.1672
57  45  454.473   92.2871
57  44  449.808   87.5851
57  43  433.46   84.1382
57  42  425.442   81.0876
57  41  425.744   92.7194
57  40  419.28   88.8633
57  39  410.222   82.0856
57  38  405.755   85.4581
57  37  402.296   83.4691
57  36  397.375   82.9267
57  35  393.743   78.7022
57  34  386.448   76.7311
57  33  383.445   79.5682
57  32  374.868   77.1971
57  31  368.546   75.6513
57  30  368.236   72.1518
57  29  352.274   68.6769
57  28  350.783   71.7403
57  27  354.991   69.2376
57  26  342.882   70.5464
57  25  337.906   67.3256
57  24  331.514   66.9674
57  23  328.088   67.1264
57  22  329.694   67.0021
57  21  323.449   67.4423
57  20  317.179   61.3786
57  19  319.646   64.8673
57  18  314.849   62.9116
57  17  306.699   58.5169
57  16  309.082   59.5628
57  15  301.263   60.3296
57  14  295.984   58.0416
57  13  290.407   57.6938
57  12  280.181   53.9488
57  11  260.854   52.6562
56  62  548.736   144.819
56  61  619.636   118.538
56  60  629.7   112.617
56  59  622.285   122.083
56  58  605.955   111.183
56  57  593.443   111.038
56  56  571.555   112.661
56  55  558.136   108.401
56  54  536.219   95.0441
56  53  541.397   99.4214
56  52  521.081   93.1441
56  51  518.183   112.308
56  50  505.47   96.1187
56  49  491.913   91.961
56  48  472.438   88.8575
56  47  475.04   96.8261
56  46  461.718   93.0641
56  45  454.626   90.1914
56  44  444.706   90.771
56  43  441.349   94.7135
56  42  428.754   91.2536
56  41  426.303   85.4473
56  40  428.969   80.6959
56  39  409.406   76.358
56  38  403.887   83.1836
56  37  397.83   77.2694
56  36  395.536   78.9344
56  35  389.755   82.5212
56  34  384.582   80.1439
56  33  377.931   78.8617
56  32  377.06   77.703
56  31  375.367   77.4375
56  30  366.805   80.8506
56  29  362.353   74.9614
56  28  358.176   73.7858
56  27  354.06   72.2694
56  26  354.465   70.7846
56  25  340.522   72.0231
56  24  336.294   67.3462
56  23  338.261   67.5321
56  22  326.879   60.984
56  21  324.826   66.7693
56  20  322.97   67.2261
56  19  318.029   69.4053
56  18  314.679   65.0786
56  17  314.575   62.3599
56  16  312.623   60.698
56  15  304.797   61.1406
56  14  297.786   61.1472
56  13  289.661   57.6056
56  12  263.912   56.2323
56  11  275.357   200
55  62  548.901   135.902
55  61  618.118   109.97
55  60  627.708   119.248
55  59  620.686   116.775
55  58  597.792   105.486
55  57  597.648   110.216
55  56  581.358   106.944
55  55  565.942   102.678
55  54  555.737   107.888
55  53  532.546   100.405
55  52  526.598   96.3285
55  51  525.537   102.022
55  50  507.739   97.5552
55  49  493.502   85.6367
55  48  488.322   95.252
55  47  478.65   93.1342
55  46  468.105   90.414
55  45  464.706   91.8159
55  44  454.774   88.5824
55  43  452.962   88.9063
55  42  450.038   84.4935
55  41  437.638   86.5802
55  40  430.099   89.6281
55  39  420.635   86.8693
55  38  421.64   88.6071
55  37  409.793   81.7246
55  36  400.208   85.1234
55  35  394.296   76.373
55  34  392.437   84.6279
55  33  391.499   81.2293
55  32  383.903   76.896
55  31  383.835   74.5971
55  30  375.772   76.0709
55  29  369.237   73.306
55  28  363.284   74.1415
55  27  359.9   76.5459
55  26  355.362   72.4426
55  25  351.695   69.6674
55  24  348.073   68.8877
55  23  346   73.1894
55  22  336.21   66.342
55  21  336.554   69.7377
55  20  334.068   67.9227
55  19  326.944   69.6451
55  18  322.852   65.9789
55  17  320.407   64.3417
55  16  322.695   65.4523
55  15  315.802   64.4166
55  14  302.969   62.739
55  13  276.976   62.3094
55  12  234.613   95.5633
54  62  543.747   127.248
54  61  620.816   121.044
54  60  628.189   117.423
54  59  623.568   114.365
54  58  602.296   108.84
54  57  582.38   112.238
54  56  566.929   107.586
54  55  557.127   106.639
54  54  538.861   100.052
54  53  531.876   101.491
54  52  511.546   100.451
54  51  503.455   98.4361
54  50  498.05   95.4651
54  49  481.202   92.8535
54  48  478.896   96.1878
54  47  465.867   91.7866
54  46  465.415   99.247
54  45  453.577   88.3221
54  44  448.074   89.8847
54  43  434.377   86.8689
54  42  432.785   90.5849
54  41  422.736   81.9441
54  40  422.572   82.6168
54  39  412.324   78.0395
54  38  409.217   84.9693
54  37  400.39   82.527
54  36  394.416   76.5097
54  35  393.379   73.8789
54  34  389.257   77.3137
54  33  381.02   75.6828
54  32  379.455   80.5765
54  31  368.083   74.4187
54  30  361.312   69.4516
54  29  361.689   73.8371
54  28  352.963   69.8516
54  27  346.894   68.7615
54  26  347.233   67.0099
54  25  343.471   65.6163
54  24  337.225   67.7256
54  23  339.449   67.1694
54  22  335.03   68.8489
54  21  329.086   64.4385
54  20  324.599   61.3452
54  19  320.052   61.5445
54  18  317.763   63.7813
54  17  317.781   62.7826
54  16  311.829   61.2491
54  15  305.541   57.7949
54  14  281.966   56.8273
54  13  257.501   78.0565
53  62  531.889   131.508
53  61  618.318   119.971
53  60  623.565   117.267
53  59  623.175   125.54
53  58  605.616   111.343
53  57  582.902   114.736
53  56  572.668   108.873
53  55  563.661   104.05
53  54  549.326   109.395
53  53  537.181   110.184
53  52  531.778   108.577
53  51  508.45   105.508
53  50  506.298   98.9815
53  49  493.867   103.091
53  48  487.852   101.498
53  47  478.015   99.0102
53  46  470.768   96.0934
53  45  458.227   95.8994
53  44  452.302   97.0743
53  43  449.277   94.3345
53  42  440.703   92.3228
53  41  435.927   91.16
53  40  423.001   87.6402
53  39  418.303   90.2115
53  38  412.045   87.1313
53  37  403.367   85.3794
53  36  397.135   86.0772
53  35  396.219   83.3481
53  34  386.044   84.5751
53  33  381.201   87.03
53  32  371.643   80.5512
53  31  366.451   79.8328
53  30  361.053   80.0959
53  29  361.536   76.3426
53  28  353.94   77.5044
53  27  349.995   78.8819
53  26  348.147   77.2643
53  25  341.169   74.9765
53  24  333.46   68.4452
53  23  328.813   71.6762
53  22  323.801   67.7585
53  21  322.523   71.7386
53  20  324.39   76.3326
53  19  315.637   70.8305
53  18  309.076   68.0336
53  17  309.127   68.6883
53  16  301   69.8298
53  15  277.692   69.964
53  14  227.201   55.1289
52  62  544.757   126.599
52  61  636.389   114.61
52  60  621.517   109.019
52  59  614.991   123.818
52  58  603.523   107.693
52  57  585.882   110.642
52  56  584.091   111.485
52  55  562.577   114.116
52  54  548.644   114.58
52  53  544.025   103.906
52  52  541.059   100.802
52  51  522.106   96.3661
52  50  506.723   103.982
52  49  509.369   90.4347
52  48  495.931   106.4
52  47  484.447   92.7216
52  46  480.196   100.68
52  45  469.215   101.755
52  44  458.186   94.6599
52  43  457.286   87.4577
52  42  444.64   82.0913
52  41  445.371   100.334
52  40  434.72   98.6584
52  39  419.473   95.4551
52  38  415.344   85.2888
52  37  406.919   77.0671
52  36  402.241   104
52  35  401.994   94.1662
52  34  396.041   91.928
52  33  381.831   86.215
52  32  380.22   86.6176
52  31  378.418   89.8906
52  30  367.399   80.4793
52  29  358.575   92.2519
52  28  360.252   83.4165
52  27  352.714   80.4975
52  26  342.052   87.0151
52  25  334.515   77.471
52  24  332.045   78.9899
52  23  338.549   85.9173
52  22  330.558   78.2872
52  21  320.75   75.1774
52  20  314.718   81.4451
52  19  314.975   89.5149
52  18  300.673   75.2262
52  17  299.756   73.444
52  16  278.149   64.213
52  15  222.194   67.0378
51  62  579.357   151.363
51  61  622.705   113.572
51  60  630.391   128.089
51  59  603.005   111.535
51  58  590.609   116.725
51  57  598.231   106.959
51  56  567.475   108.984
51  55  551.332   95.7992
51  54  540.926   98.8353
51  53  541.093   99.5518
51  52  533.523   89.3436
51  51  510.443   99.5093
51  50  499.512   98.181
51  49  488.452   114.647
51  48  477.11   85.3638
51  47  475.106   96.4443
51  46  467.725   89.5895
51  45  468.922   86.7865
51  44  454.011   89.4698
51  43  452.686   82.5002
51  42  421.239   76.0473
51  41  433.998   78.5288
51  40  416.644   81.0773
51  39  421.345   80.8735
51  38  401.848   89.7232
51  37  407.173   73.1731
51  36  405.831   88.0164
51  35  403.227   87.4419
51  34  402.427   80.7199
51  33  387.832   83.2667
51  32  381.507   74.2479
51  31  374.328   73.6422
51  30  377.432   64.3546
51  29  370.093   69.9951
51  28  364.184   72.7528
51  27  358.695   71.4707
51  26  353.555   68.179
51  25  355.865   64.9849
51  24  344.447   64.2008
51  23  352.496   67.8558
51  22  334.122   63.7213
51  21  337.551   64.3892
51  20  334.139   63.466
51  19  325.617   65.1808
51  18  317.203   59.8637
51  17  304.047   63.1327
51  16  281.324   51.6075
50  62  540.205   125.66
50  61  629.437   124.053
50  60  608.458   103.672
50  59  617.718   126.473
50  58  605.455   131.542
50  57  590.875   105.988
50  56  568.222   104.39
50  55  548.998   129.016
50  54  559.679   110.481
50  53  533.808   100.367
50  52  529.553   101.388
50  51  510.066   119.318
50  50  512.284   112.729
50  49  503.512   102.609
50  48  501.681   91.2881
50  47  488.884   94.5293
50  46  483.223   103.941
50  45  477.071   104.251
50  44  449.058   81.1383
50  43  453.936   102.601
50  42  441.401   106.301
50  41  437.319   87.8681
50  40  431.095   87.6697
50  39  420.644   93.5533
50  38  411.236   99.4709
50  37  413.486   87.2918
50  36  403.807   80.376
50  35  388.549   89.3156
50  34  395.533   79.6882
50  33  386.645   83.6448
50  32  384.848   70.3813
50  31  373.52   80.7833
50  30  378.198   79.869
50  29  366.014   73.1654
50  28  348.74   76.4186
50  27  351.32   75.2084
50  26  359.763   72.1382
50  25  353.171   80.5254
50  24  347.16   74.3221
50  23  352.12   84.6948
50  22  335.489   69.4845
50  21  338.036   79.3197
50  20  324.053   77.5919
50  19  313.917   69.1207
50  18  305.578   65.0527
50  17  265.049   58.1973
49  62  551.478   128.573
49  61  608.974   131.873
49  60  623.745   112.096
49  59  622.754   125.335
49  58  606.965   122.956
49  57  612.309   121.114
49  56  586.132   95.9324
49  55  572.765   110.65
49  54  558.218   108.477
49  53  543.304   159.17
49  52  540.334   97.6604
49  51  535.732   98.5798
49  50  518.639   113.302
49  49  511.716   109.643
49  48  524.425   124.456
49  47  497.607   93.783
49  46  489.349   98.4413
49  45  477.114   90.5551
49  44  467.684   110.009
49  43  463.874   115.956
49  42  459.49   103.369
49  41  459.072   95.8625
49  40  442.375   94.5402
49  39  427.069   80.2835
49  38  422.427   82.6799
49  37  435.763   100.014
49  36  409.856   92.8567
49  35  413.196   86.8116
49  34  406.143   88.623
49  33  396.363   84.1074
49  32  401.737   84.2258
49  31  391.288   94.3413
49  30  383.386   83.8701
49  29  395.79   94.8499
49  28  374.473   75.0046
49  27  376.655   78.1231
49  26  366.921   82.867
49  25  360.036   79.6427
49  24  356.354   70.9228
49  23  357.861   81.49
49  22  348.98   79.8535
49  21  344.339   68.6497
49  20  333.422   74.6163
49  19  314.064   73.8128
49  18  267.222   62.6498
49  17  218.697   107.317
48  62  520.809   120.131
48  61  609.88   194.508
48  60  609.129   111.912
48  59  616.894   110.737
48  58  617.277   109.153
48  57  588.848   97.3352
48  56  568.56   121.06
48  55  557.906   105.941
48  54  549.143   98.7677
48  53  543.333   104.547
48  52  531.195   112.325
48  51  519.665   101.059
48  50  507.774   104.993
48  49  511.03   94.376
48  48  497.157   92.6239
48  47  477.721   87.1705
48  46  472.762   93.5553
48  45  463.943   80.5137
48  44  466.184   87.3123
48  43  463.376   91.5497
48  42  442.639   89.9732
48  41  443.422   86.4489
48  40  433.962   84.5563
48  39  422.599   86.2735
48  38  422.075   76.2784
48  37  415.267   86.7467
48  36  409.094   85.0897
48  35  399.603   80.9418
48  34  399.799   83.4337
48  33  390.197   81.8103
48  32  382.224   73.1478
48  31  382.228   76.0901
48  30  378.217   79.5494
48  29  371.209   73.4381
48  28  370.882   72.1434
48  27  359.507   71.5723
48  26  369.192   70.1391
48  25  351.51   77.5999
48  24  357.927   65.5454
48  23  345.471   77.602
48  22  338.845   75.464
48  21  333.513   69.8854
48  20  328.081   69.8406
48  19  290.768   63.7815
48  18  247.877   118.785
47  62  546.576   146.279
47  61  611.242   118.129
47  60  627.444   109.716
47  59  603.266   116.502
47  58  600.329   108.618
47  57  595.743   115.737
47  56  582.118   112.338
47  55  575.916   108.906
47  54  557.366   101.011
47  53  558.822   95.3792
47  52  539.417   81.0497
47  51  521.219   76.4414
47  50  513.899   95.1433
47  49  510.219   88.5105
47  48  495.978   91.0855
47  47  488.713   87.1567
47  46  482.982   86.3965
47  45  485.216   99.6803
47  44  461.22   88.9968
47  43  480.573   82.4378
47  42  465.761   90.6982
47  41  453.8   89.3914
47  40  446.432   85.3908
47  39  440.826   84.0758
47  38  419.288   79.5684
47  37  418.218   70.067
47  36  418.284   80.2603
47  35  413.615   75.6264
47  34  410.931   74.0211
47  33  403.032   75.9292
47  32  394.481   79.7546
47  31  391.049   73.606
47  30  388.59   70.375
47  29  387.006   64.9426
47  28  387.741   76.2993
47  27  383.499   77.0312
47  26  378.426   74.9463
47  25  376.312   70.5129
47  24  369.408   72.3406
47  23  365.835   67.3968
47  22  352.76   61.7811
47  21  340.665   64.9607
47  20  307.633   64.2761
47  19  261.201   83.0712
46  62  552.526   133.475
46  61  642.841   124.792
46  60  615.648   109.656
46  59  637.647   102.179
46  58  599.847   117.434
46  57  595.899   101.915
46  56  572.967   111.161
46  55  580.946   109.215
46  54  560.633   109.368
46  53  547.896   107.403
46  52  552.87   109.038
46  51  539.706   101.024
46  50  526.992   103.771
46  49  520.392   107.916
46  48  504.504   100.232
46  47  499.441   98.5174
46  46  489.706   99.7013
46  45  490.53   97.4911
46  44  490.014   102.077
46  43  472.063   96.8991
46  42  467.07   97.5509
46  41  448.214   90.3844
46  40  442.383   89.6848
46  39  440.156   87.2773
46  38  435.08   92.3712
46  37  435.518   95.2823
46  36  428.874   90.3706
46  35  417.45   85.3046
46  34  421.479   86.7732
46  33  399.77   90.7881
46  32  389.692   76.1522
46  31  390.555   84.0017
46  30  391.81   85.8746
46  29  383.98   81.6034
46  28  379.701   90.3409
46  27  371.018   86.9835
46  26  376.488   84.6402
46  25  375.06   76.4053
46  24  358.238   85.626
46  23  358.357   76.5686
46  22  345.308   78.3555
46  21  304.038   82.8001
46  20  244.91   77.9851
45  62  549.153   149.198
45  61  603.489   104.392
45  60  617.168   118.858
45  59  600.596   106.792
45  58  598.312   110.226
45  57  583.897   102.016
45  56  565.668   96.1796
45  55  549.145   86.5386
45  54  540.379   116.391
45  53  543.308   98.9397
45  52  528.714   95.2834
45  51  517.073   98.45
45  50  514.498   96.9708
45  49  496.981   93.1337
45  48  492.683   88.6208
45  47  465.503   86.2827
45  46  461.253   91.3711
45  45  464.22   95.5584
45  44  452.357   82.3722
45  43  449.033   89.7262
45  42  441.341   83.9236
45  41  431.172   79.6168
45  40  419.952   84.6744
45  39  409.907   74.886
45  38  405.6   76.4404
45  37  404.084   75.927
45  36  395   79.5222
45  35  396.725   79.1678
45  34  383.384   74.6871
45  33  380.33   74.5749
45  32  380.949   69.7002
45  31  382.505   78.6227
45  30  375.984   74.0231
45  29  367.213   81.8101
45  28  373.908   76.1831
45  27  361.518   78.0095
45  26  349.149   74.1658
45  25  354.1   66.4031
45  24  341.56   70.2372
45  23  324.253   62.8086
45  22  302.626   57.5782
45  21  254.849   80.5046
44  62  501.321   128.65
44  61  597.235   110.833
44  60  618.542   115.344
44  59  605.607   106.21
44  58  591.64   101.836
44  57  564.422   92.4332
44  56  564.343   107.483
44  55  564.839   101.001
44  54  544.325   103.409
44  53  531.405   93.0534
44  52  526.524   93.8176
44  51  510.072   94.8159
44  50  504.065   80.6317
44  49  483.71   83.2993
44  48  480.833   93.3369
44  47  474.371   88.4533
44  46  454.717   83.3517
44  45  456.446   90.9476
44  44  457.69   93.4138
44  43  444.247   81.6561
44  42  432.56   83.5039
44  41  423.572   87.7679
44  40  420.054   86.5001
44  39  417.43   75.9023
44  38  405.728   77.7997
44  37  409.203   79.0631
44  36  397.301   81.7891
44  35  393.651   75.0195
44  34  390.913   76.3192
44  33  386.98   75.7523
44  32  375.985   77.2625
44  31  369.624   67.7759
44  30  370.628   70.4531
44  29  366.527   68.4586
44  28  369.99   69.9871
44  27  362.894   71.5475
44  26  355.202   66.4295
44  25  352.178   69.0943
44  24  340.269   63.2539
44  23  319.954   56.7769
44  22  280.421   66.7097
43  62  542.717   136.083
43  61  618.58   106.576
43  60  620.811   96.259
43  59  615.526   120.566
43  58  614.572   106.385
43  57  594.803   104.828
43  56  585.273   98.0444
43  55  572.9   108.513
43  54  566.348   110.561
43  53  550.439   109.337
43  52  540.025   107.487
43  51  527.457   99.1659
43  50  515.032   99.9774
43  49  513.308   103.698
43  48  493.818   103.893
43  47  490.324   92.3824
43  46  485.764   96.43
43  45  481.788   79.9288
43  44  466.649   91.2125
43  43  455.962   83.4764
43  42  443.705   87.6916
43  41  438.691   88.6966
43  40  447.183   92.1688
43  39  433.804   86.3243
43  38  421.366   93.2551
43  37  428.513   92.9411
43  36  420.01   88.9085
43  35  414.874   93.0002
43  34  403.89   86.4029
43  33  398.218   89.5023
43  32  394.308   78.5141
43  31  386.09   73.7851
43  30  371.541   81.5225
43  29  371.59   85.1303
43  28  358.961   75.5576
43  27  361.671   78.3475
43  26  356.731   85.7024
43  25  336.704   74.0279
43  24  314.712   72.6012
43  23  241.02   78.0008
42  62  510.848   125.389
42  61  615.677   98.5201
42  60  627.544   121.15
42  59  606.277   124.061
42  58  596.099   121.372
42  57  584.724   111.398
42  56  587.546   110.415
42  55  576.377   105.221
42  54  561.146   97.1443
42  53  553.671   104.32
42  52  539.016   94.3045
42  51  533.684   92.8964
42  50  515.509   92.0011
42  49  511.587   98.4095
42  48  496.686   95.7983
42  47  492.915   99.4059
42  46  486.575   100.841
42  45  474.485   94.461
42  44  468.324   87.8206
42  43  455.554   80.2851
42  42  455.087   97.8736
42  41  442.773   88.6932
42  40  441.362   84.9959
42  39  428.855   84.1131
42  38  435.126   83.608
42  37  424.654   89.9905
42  36  425.76   87.8033
42  35  409.802   81.6179
42  34  414.088   86.0239
42  33  408.784   92.0393
42  32  403.992   85.1103
42  31  391.317   82.6433
42  30  387.849   79.2871
42  29  387.631   80.9089
42  28  368.442   86.0349
42  27  362.063   85.1285
42  26  354.082   74.7372
42  25  335.693   76.9537
42  24  268.988   83.687
41  62  565.717   130.238
41  61  601.125   110.104
41  60  619.107   115.982
41  59  613.659   110.749
41  58  612.627   108.876
41  57  606.845   99.5201
41  56  592.788   111.451
41  55  577.71   113.323
41  54  563.895   102.96
41  53  546.356   105.334
41  52  541.904   94.2883
41  51  537.401   103.537
41  50  527.469   110.133
41  49  510.461   107.645
41  48  516.193   97.8645
41  47  506.509   104.559
41  46  487.653   103.439
41  45  480.556   94.0099
41  44  480.157   95.23
41  43  468.61   96.7278
41  42  465.199   93.7402
41  41  452.686   90.2418
41  40  456.492   106.051
41  39  444.009   82.8463
41  38  440.986   90.8705
41  37  427.048   82.5818
41  36  435.161   91.381
41  35  420.787   90.8896
41  34  414.375   92.7231
41  33  407.465   100.379
41  32  403.073   88.724
41  31  406.5   95.1498
41  30  395.677   91.4757
41  29  390.61   83.3642
41  28  383.564   93.7745
41  27  362.66   80.8596
41  26  333.158   77.6844
41  25  272.893   73.1385
40  62  535.163   114.075
40  61  613.892   111.281
40  60  620.747   125.129
40  59  626.978   109.84
40  58  598.125   108.19
40  57  609.399   105.933
40  56  579.372   96.2573
40  55  570.447   100.822
40  54  547.61   91.2859
40  53  528.532   74.3948
40  52  543.098   89.1095
40  51  521.661   89.3677
40  50  508.513   75.1636
40  49  499.476   78.1148
40  48  503.647   99.4142
40  47  492.756   82.5215
40  46  479.417   90.3861
40  45  479.844   81.0127
40  44  467.227   82.2015
40  43  460.295   77.3849
40  42  455.569   84.0331
40  41  448.174   87.7742
40  40  439.226   83.7447
40  39  434.113   78.6427
40  38  435.73   79.743
40  37  430.201   74.1311
40  36  425.181   76.9584
40  35  415.978   75.4329
40  34  413.714   75.783
40  33  399.535   70.0448
40  32  404.463   71.4436
40  31  391.544   64.237
40  30  389.766   71.3176
40  29  382.605   66.5915
40  28  381.988   75.9111
40  27  358.952   67.2047
40  26  296.17   70.8738
39  62  558.49   128.43
39  61  619.335   112.461
39  60  620.049   104.533
39  59  627.255   115.149
39  58  596.106   116.258
39  57  591.391   94.7663
39  56  573.276   98.2198
39  55  568.593   93.1428
39  54  584.564   112.284
39  53  555.848   108.388
39  52  554.395   83.1561
39  51  546.172   94.6533
39  50  527.201   87.499
39  49  523.637   98.3893
39  48  507.863   98.2156
39  47  505.332   70.4799
39  46  506.501   94.87
39  45  500.297   101.647
39  44  463.468   91.8009
39  43  465.934   86.9689
39  42  471.353   95.3221
39  41  464.003   79.4642
39  40  464.991   94.5777
39  39  454.644   82.8839
39  38  452.728   87.8399
39  37  443.638   78.5037
39  36  437.794   79.5724
39  35  431.896   83.2058
39  34  418.735   84.1144
39  33  414.71   81.5359
39  32  412.264   80.3868
39  31  409.108   72.0745
39  30  393.061   81.9981
39  29  396.037   75.1906
39  28  365.059   70.3731
39  27  297.263   69.1989
38  62  553.729   122.193
38  61  614.35   108.711
38  60  614.85   117.708
38  59  613.605   115.286
38  58  601.367   109.323
38  57  582.279   114.85
38  56  562.792   105.552
38  55  548.953   97.8008
38  54  553.479   110.699
38  53  538.181   113.548
38  52  526.304   102.094
38  51  509.618   103.321
38  50  509.16   102.513
38  49  498.776   118.833
38  48  479.184   83.0478
38  47  490.474   104.365
38  46  457.596   102.768
38  45  461.371   105.871
38  44  448.476   114.471
38  43  444.395   97.8219
38  42  431.14   86.6075
38  41  414.471   88.7296
38  40  429.184   88.2329
38  39  404.132   102.77
38  38  421.253   89.4456
38  37  405.861   90.1387
38  36  402.534   80.9343
38  35  402.369   78.2482
38  34  383.806   77.8674
38  33  387.401   82.4781
38  32  380.375   88.5467
38  31  364.628   70.2773
38  30  360.064   63.5978
38  29  337.885   71.0334
38  28  279.948   87.2785
37  62  540.493   130.087
37  61  609.634   105.706
37  60  630.104   132.304
37  59  606.093   106.291
37  58  603.372   111.216
37  57  598.663   118.586
37  56  578.558   123.28
37  55  571.817   113.77
37  54  545.349   107.936
37  53  557.392   114.028
37  52  527.182   116.74
37  51  525.155   117.224
37  50  507.706   119.581
37  49  510.23   106.306
37  48  499.248   98.8774
37  47  492.719   113.078
37  46  490.404   106.904
37  45  471.627   105.314
37  44  451.928   99.5797
37  43  460.028   105.301
37  42  446.441   98.0019
37  41  431.757   105.656
37  40  440.908   91.3591
37  39  420.018   85.2941
37  38  420.862   94.1239
37  37  421.229   93.001
37  36  413.652   91.9765
37  35  404.927   84.0391
37  34  405.413   82.7393
37  33  384.989   95.7827
37  32  384.095   96.9259
37  31  369.819   92.2024
37  30  359.291   85.4249
37  29  310.859   85.1178
37  28  215.316   113.015
36  62  578.927   189.483
36  61  617.671   105.598
36  60  624.184   116.563
36  59  628.316   115.792
36  58  597.922   95.0427
36  57  610.851   109.043
36  56  585.524   94.4655
36  55  572.425   104.261
36  54  562.076   93.2038
36  53  542.235   103.965
36  52  533.719   96.9384
36  51  530.773   105.991
36  50  530.088   104.398
36  49  515.832   107.201
36  48  504.105   101.02
36  47  501.095   96.808
36  46  482.953   93.2789
36  45  475.665   97.901
36  44  470.126   95.9116
36  43  471.797   101.473
36  42  454.334   89.9361
36  41  448.88   87.2645
36  40  432.583   85.5947
36  39  436.129   92.0964
36  38  432.378   87.3212
36  37  426.554   103.775
36  36  419.304   97.874
36  35  411.651   80.9596
36  34  414.134   88.7156
36  33  396.026   92.0094
36  32  388.941   82.4245
36  31  362.688   81.541
36  30  328.52   87.1562
36  29  210.912   153.479
35  62  548.402   141.052
35  61  615.271   119.736
35  60  623.927   118.817
35  59  624.422   121.283
35  58  622.57   124.77
35  57  609.473   109.081
35  56  577.811   114.94
35  55  578.956   108.172
35  54  565.962   109.394
35  53  552.947   106.226
35  52  552.587   109.405
35  51  539.614   98.0581
35  50  511.547   90.6109
35  49  514.587   94.6256
35  48  517.274   98.0883
35  47  495.097   109.571
35  46  488.67   104.326
35  45  486.892   101.451
35  44  479.7   94.7843
35  43  462.944   106.533
35  42  459.251   87.0094
35  41  446.788   86.3477
35  40  438.322   98.8661
35  39  446.442   93.5371
35  38  439.731   84.2599
35  37  422.693   89.6754
35  36  427.011   92.7334
35  35  421.578   92.5774
35  34  407.142   101.456
35  33  403.617   89.7072
35  32  380.942   86.3531
35  31  318.068   85.0502
35  30  229.685   159.033
34  62  541.595   152.962
34  61  599.185   126.789
34  60  626.074   97.1497
34  59  623.342   113.353
34  58  618.813   110.77
34  57  612.372   108.262
34  56  596.327   133.977
34  55  588.97   125.248
34  54  564.21   107.652
34  53  552.108   102.248
34  52  550.59   105.531
34  51  525.451   101.003
34  50  523.066   94.2559
34  49  516.826   94.4691
34  48  510.768   106.623
34  47  497.373   97.8202
34  46  487.087   83.7091
34  45  483.474   91.3481
34  44  485.271   88.6913
34  43  474.142   100.705
34  42  467.572   91.6136
34  41  443.376   86.5699
34  40  447.096   89.348
34  39  452.29   93.9212
34  38  440.796   107.09
34  37  424.298   90.9894
34  36  421.442   90.0647
34  35  430.458   88.7762
34  34  409.875   87.3027
34  33  381.177   80.4316
34  32  351.397   86.6162
34  31  237.873   91.3284
33  62  539.616   132.792
33  61  610.861   129.181
33  60  629.397   113.904
33  59  604.417   103.199
33  58  602.15   110.129
33  57  602.943   113.726
33  56  594.264   111.71
33  55  582.211   107.494
33  54  565.659   111.567
33  53  558.553   107.027
33  52  539.152   93.6267
33  51  538.706   97.4879
33  50  537.999   110.971
33  49  502.183   89.9147
33  48  498.739   89.3393
33  47  494.82   92.2461
33  46  481.814   89.3549
33  45  487.555   92.8578
33  44  469.914   85.5218
33  43  465.295   85.6657
33  42  459.4   90.2374
33  41  459.3   86.0427
33  40  440.96   91.0841
33  39  435.273   87.0493
33  38  430.159   82.1925
33  37  434.01   90.7424
33  36  424.492   86.8916
33  35  411.087   81.8333
33  34  395.781   80.9649
33  33  361.913   84.3958
33  32  275.74   83.6983
32  62  535.247   176.578
32  61  630.932   126.608
32  60  631.322   118.498
32  59  610.034   113.475
32  58  598.883   104.568
32  57  589.557   91.5449
32  56  590.995   102.773
32  55  578.855   106.431
32  54  562.761   98.4324
32  53  553.46   98.9002
32  52  548.656   91.8354
32  51  532.168   105.393
32  50  517.927   95.3728
32  49  523.689   103.357
32  48  502.975   90.1081
32  47  505.032   94.4304
32  46  479.136   91.9652
32  45  479.906   94.5946
32  44  477.013   86.8781
32  43  466.761   87.9798
32  42  461.911   87.1146
32  41  457.929   89.2423
32  40  449.061   94.8611
32  39  440.913   74.4023
32  38  446.168   89.2341
32  37  429.801   83.5607
32  36  423.842   84.5779
32  35  408.31   86.2057
32  34  373.272   76.1325
32  33  281.777   89.9717
31  62  557.333   178.528
31  61  610.802   123.211
31  60  625.361   124.171
31  59  620.275   105.64
31  58  599.906   106.102
31  57  592.426   98.2747
31  56  587.636   115.612
31  55  578.087   99.1232
31  54  586.655   118.642
31  53  570.298   106.964
31  52  555.336   108.174
31  51  536.816   114.229
31  50  543.07   97.0937
31  49  516.484   103.902
31  48  517.636   97.7279
31  47  506.886   88.6337
31  46  491.4   96.9464
31  45  483.989   89.5509
31  44  481.985   103.507
31  43  483.845   79.6288
31  42  472.634   99.9125
31  41  461.225   94.1957
31  40  454.729   87.5893
31  39  457.142   98.0539
31  38  445.323   99.0961
31  37  429.825   83.9462
31  36  421.882   91.3292
31  35  391.536   85.4383
31  34  286.81   85.8727
30  62  544.042   126.324
30  61  615.727   107.619
30  60  633.05   107.772
30  59  621.125   111.743
30  58  610.104   99.3554
30  57  598.522   106.911
30  56  581.148   115.06
30  55  579.316   117.87
30  54  572.919   101.348
30  53  559.142   111.584
30  52  535.712   91.9388
30  51  538.699   98.1169
30  50  544.224   91.6915
30  49  536.588   101.666
30  48  516.472   106.316
30  47  505.834   109.672
30  46  488.137   80.545
30  45  492.297   100.7
30  44  485.009   87.6568
30  43  471.143   84.1556
30  42  464.907   97.7334
30  41  467.994   89.5095
30  40  468.916   103.306
30  39  457.193   92.4917
30  38  446.005   87.074
30  37  428.115   86.2792
30  36  401.494   89.3086
30  35  298.913   104.026
29  62  545.413   148.595
29  61  610.019   110.8
29  60  613.646   127.38
29  59  607.076   91.4333
29  58  597.018   103.715
29  57  582.58   99.6058
29  56  583.552   112.277
29  55  571.644   104.621
29  54  546.926   99.2097
29  53  543.019   104.911
29  52  543.265   99.008
29  51  518.308   88.2147
29  50  518.481   108.517
29  49  521.593   97.7508
29  48  504.157   102.035
29  47  492.981   87.6931
29  46  476.93   91.8576
29  45  464.584   85.2794
29  44  475.918   82.1039
29  43  463.646   83.1176
29  42  467.469   86.2384
29  41  464.806   91.6787
29  40  461.111   81.6127
29  39  443.79   79.0169
29  38  439.054   88.1515
29  37  413.349   84.6511
29  36  340.685   91.1569
28  62  565.151   162.369
28  61  612.636   101.69
28  60  635.319   115.324
28  59  624.041   115.132
28  58  598.945   114.989
28  57  602.014   117.5
28  56  591.785   121.311
28  55  573.362   109.333
28  54  568.78   119.612
28  53  560.82   116.056
28  52  540.558   104.282
28  51  537.786   113.005
28  50  536.742   117.65
28  49  523.469   105.493
28  48  512.358   110.868
28  47  507.436   100.769
28  46  509.293   102.795
28  45  493.092   102.815
28  44  482.705   114.073
28  43  476.443   103.022
28  42  475.178   106.749
28  41  460.519   101.537
28  40  441.811   96.3822
28  39  439.651   106.515
28  38  403.674   91.1477
28  37  337.803   108.33
27  62  544.135   127.614
27  61  609.24   127.159
27  60  623.552   108.757
27  59  625.07   120.001
27  58  602.524   107.446
27  57  588.755   109.325
27  56  577.772   92.8128
27  55  575.148   99.0484
27  54  559.54   120.597
27  53  555.467   98.9233
27  52  541.521   101.439
27  51  534.691   95.7226
27  50  535.415   113.234
27  49  513.857   91.0712
27  48  516.95   96.4198
27  47  500.949   89.0415
27  46  489.574   87.6838
27  45  492.212   95.0845
27  44  484.373   105.248
27  43  475.325   86.7697
27  42  469.854   104.198
27  41  462.127   90.2276
27  40  460.137   83.1405
27  39  419.997   81.3968
27  38  380.028   101.355
26  62  528.891   146.641
26  61  616.832   103.86
26  60  615.226   174.581
26  59  626.608   130.463
26  58  598.281   145.879
26  57  605.839   115.225
26  56  587.676   109.948
26  55  581.586   119.527
26  54  567.086   129.465
26  53  560.148   89.9122
26  52  549.763   123.383
26  51  547.967   95.8171
26  50  530.05   105.582
26  49  531.817   109.68
26  48  526.345   115.934
26  47  516.777   113.872
26  46  515.116   101.274
26  45  494.207   102.171
26  44  478.468   101.284
26  43  475.364   100.408
26  42  490.399   105.55
26  41  458.504   93.8126
26  40  447.024   104.665
26  39  358.191   123.438
25  62  556.833   160.568
25  61  622.588   127.714
25  60  637.076   194.894
25  59  633   123.792
25  58  595.398   99.4653
25  57  599.585   110.951
25  56  587.684   115.266
25  55  567.708   102.708
25  54  559.109   121.501
25  53  551.619   108.57
25  52  572.587   113.699
25  51  540.299   110.871
25  50  539.157   103.279
25  49  527.925   112.714
25  48  510.335   103.761
25  47  519.539   140.206
25  46  514.526   96.2253
25  45  492.746   100.661
25  44  487.268   107.776
25  43  480.182   91.4104
25  42  474.453   107.778
25  41  449.235   109.122
25  40  382.839   100.194
25  39  281.568   200
24  62  538.434   200
24  61  620.425   137.538
24  60  629.444   106.588
24  59  608.86   132.038
24  58  613.673   125.95
24  57  598.811   110.147
24  56  581.843   106.515
24  55  579.557   101.864
24  54  566.296   115.107
24  53  561.434   120.851
24  52  551.763   111.368
24  51  545.109   130.837
24  50  536.84   124.322
24  49  534.664   111.553
24  48  523.131   108.097
24  47  510.91   95.2639
24  46  502.976   107.095
24  45  483.072   112.955
24  44  474.754   102.313
24  43  480.538   109.747
24  42  460.216   92.4906
24  41  386.098   114.396
24  40  269.776   182.216
23  62  551.507   180.395
23  61  609.913   113.047
23  60  620.027   101.915
23  59  621.082   107.854
23  58  608.274   108.644
23  57  608.689   101.901
23  56  593.15   102.749
23  55  575.409   101.523
23  54  572.078   116.231
23  53  568.119   94.1488
23  52  554.385   98.0638
23  51  536.328   89.9137
23  50  530.386   95.8235
23  49  523.05   88.6336
23  48  500.347   87.6396
23  47  509.132   100.517
23  46  498.45   95.8113
23  45  493.605   88.4925
23  44  489.424   97.3329
23  43  473.513   82.5714
23  42  428.505   91.7311
23  41  327.92   200
22  62  543.442   140.684
22  61  604.851   107.922
22  60  630.872   110.346
22  59  607.867   116.025
22  58  614.916   109.192
22  57  606.42   121.16
22  56  596.096   105.475
22  55  571.998   118.866
22  54  576.148   117.417
22  53  565.516   117.23
22  52  537.824   98.6127
22  51  539.505   113.165
22  50  534.347   111.51
22  49  521.055   105.509
22  48  503.649   95.018
22  47  515.88   108.656
22  46  498.01   105.194
22  45  494.842   112.723
22  44  462.545   95.5157
22  43  438.332   100.577
22  42  315.2   158.147
21  62  527.692   127.578
21  61  620.315   123.979
21  60  626.543   113.877
21  59  615.594   105.317
21  58  605.301   110.31
21  57  605.067   114.187
21  56  588.228   96.1392
21  55  577.191   102.417
21  54  563.087   94.4534
21  53  563.014   93.502
21  52  545.554   96.7355
21  51  555.35   87.265
21  50  545.434   107.04
21  49  535.48   104.255
21  48  522.614   88.3258
21  47  508.062   96.9586
21  46  499.853   97.1331
21  45  487.473   85.2293
21  44  452.765   84.4184
21  43  354.102   132.366
20  62  534.626   110.925
20  61  593.297   104.772
20  60  617.18   116.553
20  59  616.754   109.417
20  58  628.059   110.614
20  57  601.932   103.226
20  56  600.452   119.206
20  55  587.22   119.707
20  54  576.611   102.354
20  53  573.971   109.266
20  52  562.626   110.867
20  51  548.636   105.691
20  50  544.104   115.422
20  49  523.481   95.6369
20  48  527.214   103.64
20  47  519.442   97.3631
20  46  494.919   115.363
20  45  449.518   93.7321
20  44  343.14   135.01
19  62  532.813   162.938
19  61  611.069   104.903
19  60  625.171   95.985
19  59  612.058   105.396
19  58  613.744   102.109
19  57  591.865   110.047
19  56  579.512   100.424
19  55  581.956   113.481
19  54  573.207   105.233
19  53  567.887   92.3663
19  52  552.887   97.8838
19  51  550.328   98.3838
19  50  526.915   97.7872
19  49  514.018   88.77
19  48  521.857   97.2277
19  47  503.271   89.6945
19  46  470.131   81.523
19  45  338.017   95.3378
18  62  555.639   167.146
18  61  622.73   111.404
18  60  627.93   104.451
18  59  609.124   99.8627
18  58  609.109   114.555
18  57  605.827   108.908
18  56  595.955   101.06
18  55  572.018   97.259
18  54  584.571   118.053
18  53  571.064   111.562
18  52  547.753   97.1515
18  51  556.138   120.297
18  50  534.835   102.578
18  49  531.024   100.24
18  48  515.979   100.352
18  47  479.772   103.784
18  46  362.193   115.554
17  62  573.63   173.696
17  61  603.295   115.642
17  60  633.577   137.228
17  59  615.188   125.419
17  58  614.917   131.759
17  57  606.472   130.235
17  56  594.52   115.447
17  55  583.16   101.571
17  54  553.102   116.741
17  53  561.963   107.621
17  52  560.576   110.847
17  51  544.078   112.966
17  50  530.907   103.908
17  49  518.685   100.575
17  48  475.777   103.465
17  47  384.667   133.485
16  62  562.655   134.138
16  61  609.711   106.923
16  60  623.222   121.654
16  59  625.352   122.844
16  58  615.484   151.524
16  57  606.089   106.223
16  56  590.451   117.878
16  55  590.506   108.462
16  54  573.637   112.296
16  53  567.773   100.694
16  52  553.137   104.42
16  51  553.556   102.514
16  50  538.018   98.1444
16  49  503.253   91.9682
16  48  408.955   126.933
15  62  535.443   200
15  61  610.886   128.492
15  60  618.563   148.715
15  59  606.595   123.757
15  58  585.657   111.598
15  57  608.24   126.666
15  56  587.86   103.214
15  55  584.213   127.983
15  54  544.265   97.4314
15  53  556.564   117.516
15  52  532.26   102.23
15  51  511.548   108.929
15  50  490.392   120.841
15  49  376.95   157.506
14  62  547.146   200
14  61  595.15   168.384
14  60  603.457   113.794
14  59  596.892   131.582
14  58  600.641   131.446
14  57  590.62   111.799
14  56  587.098   125.869
14  55  556.75   114.847
14  54  541.087   113.551
14  53  538.274   121.301
14  52  508.954   106.647
14  51  495.677   105.503
14  50  427.659   132.128
13  62  541.718   200
13  61  617.736   129.291
13  60  624.141   114.35
13  59  624.217   108.985
13  58  613.229   120.231
13  57  618.302   127.003
13  56  590.495   119.602
13  55  585.801   111.477
13  54  587.767   163.201
13  53  572.349   113.445
13  52  536.025   100.976
13  51  475.258   126.821
12  62  548.784   200
12  61  612.356   113.45
12  60  623.076   124.13
12  59  634.378   126.865
12  58  625.166   121.99
12  57  598.21   105.824
12  56  579.894   115.587
12  55  575.87   85.9704
12  54  562.7   115.506
12  53  537.386   124.75
12  52  476.692   93.7479
12  51  363.731   200
11  62  562.694   200
11  61  620.486   124.337
11  60  624.074   112.057
11  59  624.21   135.241
11  58  599.983   117.48
11  57  606.057   139.447
11  56  572.42   109.358
11  55  588.208   110.502
11  54  558.59   163.181
11  53  500.823   109.728
11  52  369.028   200
10  62  532.521   200
10  61  610.234   115.796
10  60  615.475   113.948
10  59  618.182   98.7026
10  58  618.181   112.42
10  57  588.139   106.146
10  56  586.314   111.484
10  55  569.379   103.775
10  54  531.682   121.993
10  53  365.203   200
9  62  606.159   200
9  61  634.451   103.265
9  60  649.556   116.952
9  59  646.054   107.416
9  58  644.906   114.82
9  57  642.549   116.051
9  56  624.898   108.485
9  55  555.646   109.993
9  54  486.546   200
8  62  546.826   200
8  61  617.488   104.332
8  60  612.309   114.52
8  59  638.271   117.321
8  58  630.605   121.094
8  57  597.702   94.0469
8  56  544.36   98.459
8  55  408.53   200
7  62  546.018   200
7  61  588.407   102.935
7  60  589.433   117.609
7  59  569.36   112.363
7  58  561.09   112.437
7  57  508.738   72.911
7  56  397.603   182.01
6  62  514.16   200
6  61  617.785   123.174
6  60  603.594   113.468
6  59  578.648   105.846
6  58  555.015   103.737
6  57  416.646   181.602
5  62  583.905   200
5  61  613.573   119.645
5  60  610.607   119.97
5  59  589.183   113.644
5  58  474.648   200
4  62  577.443   200
4  61  599.902   187.193
4  60  572.504   154.622
4  59  457.487   142.46
3  62  598.756   200
3  61  658.224   158.073
3  60  576.937   200
2  62  684.193   200
2  61  686.642   200
1  62  745.397   200
