0  0  0  0
0  0  0  0
0  0  0  0
4  80  470.697  -0.00102229
5  79  1000  -0.00641723
6  78  1000  -0.00539998
7  78  1000  -0.00521824
8  77  1000  -0.00635309
9  76  993.788  -0.00470961
10  76  1000  -0.00555369
11  75  1000  -0.00541269
12  74  1000  -0.00536821
13  74  920.28  -0.00513896
14  73  1000  -0.00547922
15  72  885.699  -0.00447224
16  71  857.267  -0.00425307
17  71  884.006  -0.00453557
18  70  900.656  -0.00398459
19  69  914.057  -0.00385081
20  69  948.695  -0.00395093
21  68  873.926  -0.00410833
22  67  951.973  -0.00494083
23  66  845.901  -0.00416458
24  66  896.698  -0.00457692
25  65  938.448  -0.00489104
26  64  817.292  -0.00488123
27  64  769.047  -0.00411069
28  63  764.399  -0.00411261
29  62  840.206  -0.00390976
30  61  812.466  -0.00369938
31  61  844.508  -0.00400827
32  60  870.179  -0.00400947
33  59  835.25  -0.00403385
34  59  850.745  -0.00417636
35  58  860.093  -0.00396286
36  57  828.027  -0.0038326
37  57  839.554  -0.0044671
38  56  761.099  -0.00415102
39  55  900.439  -0.00452481
40  54  792.979  -0.00344318
41  54  734.442  -0.00362225
42  53  767.019  -0.00381055
43  52  763.571  -0.00388218
44  51  857.556  -0.00389666
45  59  806.855  -0.00394502
46  50  735.27  -0.00371062
47  49  768.322  -0.00358027
48  49  744.848  -0.00401829
49  48  765.831  -0.00391254
50  47  697.871  -0.00431244
51  46  743.133  -0.00421394
52  47  716.646  -0.00386018
53  44.5  758.704  -0.00376893
54  43.5  749.628  -0.00368105
55  41.5  722.791  -0.00364989
56  40.5  735.524  -0.00365967
57  39.5  741.85  -0.00353471
58  39  712.403  -0.00303543
59  41  745.071  -0.00314955
60  45  749.408  -0.00281493
61  48  696.99  -0.00306774
62  51  651.504  -0.00301561
63  54.5  708.712  -0.00270514
64  58  706.906  -0.00289659
65  61  724.055  -0.00387702
66  64  714.518  -0.00261298
67  68  716.951  -0.00244311
68  74  735.501  -0.00232234
