1    650.002    0    0
2    649.999    0    0
3    650.001    -0.009    0
4    650.001    -0.009    8.41036e-07
5    650    -0.00794645    5.04738e-06
6    649.225    -0.00402729    0.773706
7    341.165    -0.009    308.835
8    649.999    -0.0043402    0.000921065
9    650    -0.00346629    0.00030414
10    409.661    -0.0073313    240.338
11    650    -0.0036951    0.000157707
12    543.255    -0.00487653    106.745
13    385.429    -0.00755387    264.571
14    462.536    -0.00523798    187.463
15    490.318    -0.00478212    159.682
16    409.407    -0.00682511    240.592
17    644.496    -0.00311038    5.50402
18    649.997    -0.00345834    1.60129e-06
19    650    -0.00314254    4.40293e-06
20    476.84    -0.00525174    173.161
21    504.696    -0.00482932    145.304
22    501.641    -0.00447931    148.359
23    427.011    -0.00618067    222.989
24    532.597    -0.00429752    117.404
25    452.731    -0.00555935    197.267
26    514.63    -0.00444436    135.371
27    562.158    -0.00411837    87.8438
28    552.525    -0.00397784    97.4754
29    505.009    -0.00490977    144.992
30    545.684    -0.00417772    104.316
31    520.37    -0.00441109    129.628
32    545.125    -0.00412529    104.875
33    454.001    -0.00531295    195.999
34    430.052    -0.00591867    219.949
35    472.603    -0.00523221    177.394
36    479.173    -0.0044464    170.826
37    472.073    -0.00500161    177.926
38    521.65    -0.00433543    128.35
39    523.67    -0.00413843    126.33
40    475.448    -0.00450584    174.551
41    463.401    -0.0051012    186.6
42    486.03    -0.0046867    163.97
43    474.905    -0.00454652    175.094
44    512.336    -0.00460079    137.664
45    518.211    -0.00460405    131.79
46    503.032    -0.00487218    146.968
47    501.666    -0.00500745    148.335
48    488.139    -0.00450074    161.861
49    479.791    -0.00489837    170.209
50    487.47    -0.00479649    162.531
51    516.592    -0.0043148    133.409
52    504.835    -0.0045441    145.166
53    516.386    -0.00442848    133.615
54    493.162    -0.0051403    156.838
55    475.544    -0.00530062    174.455
56    483.85    -0.00428974    166.15
57    493.428    -0.00469419    156.572
58    485.197    -0.00470872    164.802
59    484.814    -0.00529538    165.185
60    492.715    -0.00499336    157.285
61    496.221    -0.00497787    153.779
62    472.264    -0.00469273    177.736
