62  67  595.296   128.413
62  66  562.46   118.795
62  65  539.873   117.114
62  64  534.359   116.426
62  63  518.956   116.306
62  62  490.17   111.269
62  61  513.279   120.652
62  60  488.274   109.575
62  59  481.162   105.143
62  58  455.294   106.279
62  57  434.011   98.1672
62  56  426.563   92.1873
62  55  414.506   84.6848
62  54  412.441   95.8305
62  53  404.414   87.9666
62  52  384.764   80.3477
62  51  380.427   79.1478
62  50  365.825   77.2313
62  49  368.51   75.6619
62  48  370.907   80.9012
62  47  362.003   72.5444
62  46  355.371   65.858
62  45  360.453   107.85
62  44  354.963   78.7498
62  43  364.358   79.5114
62  42  346.911   71.8405
62  41  344.274   76.9461
62  40  354.687   74.8241
62  39  335.001   63.8874
62  38  320.701   58.2117
62  37  330.049   79.2539
62  36  324.278   68.5496
62  35  321.165   58.328
62  34  331.464   73.6692
62  33  322.018   62.1941
62  32  329.872   59.2927
62  31  316.495   54.5037
62  30  319.805   61.5153
62  29  324.704   75.008
62  28  303.566   63.6024
62  27  311.985   62.0263
62  26  305.819   73.5759
62  25  298.61   62.0012
62  24  307.095   51.9329
62  23  294.492   54.7679
62  22  313.041   49.5505
62  21  303.813   49.9302
62  20  302.505   47.238
62  19  294.708   55.3377
62  18  287.546   51.7533
62  17  281.235   48.3242
62  16  290.246   48.9876
62  15  284.785   46.2716
62  14  276.448   46.2354
62  13  288.681   48.5334
62  12  274.378   62.0062
62  11  281.301   56.9929
62  10  277.315   56.4162
62  9  261.362   61.6648
62  8  279.573   55.8874
62  7  274.273   48.0435
62  6  272.955   45.0232
62  5  265.122   50.2778
62  4  257.22   46.6715
62  3  246.02   39.0478
62  2  260.138   54.2445
62  1  214.73   133.194
61  68  611.61   136.043
61  67  611.699   121.279
61  66  588.286   109.089
61  65  560.324   113.224
61  64  543.136   104.908
61  63  523.458   104.444
61  62  507.209   99.908
61  61  482.422   99.9451
61  60  472.954   98.3217
61  59  461.889   102.683
61  58  442.963   90.7874
61  57  434.989   95.0958
61  56  421.271   89.5474
61  55  412.616   91.8283
61  54  395.87   87.6367
61  53  379.798   88.458
61  52  363.58   79.3666
61  51  372.096   85.5717
61  50  349.571   79.3959
61  49  351.523   71.5707
61  48  346.938   79.4354
61  47  341.982   70.1709
61  46  344.679   74.2919
61  45  337.256   81.1948
61  44  334.408   66.3658
61  43  329.18   77.8941
61  42  322.325   67.8913
61  41  317.51   69.0571
61  40  317.266   68.5724
61  39  303.476   63.8298
61  38  309.007   71.9063
61  37  305.919   63.7185
61  36  298.521   68.9998
61  35  300.322   65.2203
61  34  288.152   64.8713
61  33  291.512   65.9235
61  32  290.162   60.2565
61  31  279.502   60.5336
61  30  283.244   58.8912
61  29  281.92   65.6543
61  28  275.78   59.1171
61  27  273.925   58.8693
61  26  271.185   65.1777
61  25  261.119   60.6435
61  24  261.783   60.2551
61  23  261.144   50.5491
61  22  259.204   51.3622
61  21  256.094   54.5643
61  20  254.068   52.8387
61  19  255.417   50.9334
61  18  253.968   57.8523
61  17  247.309   51.7419
61  16  249.427   50.909
61  15  243.718   55.0566
61  14  246.566   51.5672
61  13  238.128   51.4909
61  12  242.938   48.9824
61  11  243.49   54.7668
61  10  232.89   49.412
61  9  236.042   51.0862
61  8  236.879   48.945
61  7  226.4   44.563
61  6  225.055   49.2748
61  5  220.249   49.4536
61  4  213.6   42.301
61  3  211.684   46.5212
61  2  208.969   49.3913
60  68  576.197   130.642
60  67  613.062   113.43
60  66  586.334   119.435
60  65  563.577   102.77
60  64  542.32   111.6
60  63  531.312   101.909
60  62  520.316   103.074
60  61  499.528   96.4157
60  60  479.737   90.6389
60  59  465.851   94.9539
60  58  449.834   85.7731
60  57  437.366   86.364
60  56  420.149   85.6169
60  55  402.39   89.6497
60  54  389.564   82.3096
60  53  379.708   81.9733
60  52  364.62   79.6012
60  51  369.446   74.54
60  50  359.715   74.2846
60  49  361.983   76.3627
60  48  345.931   75.281
60  47  346.987   68.7517
60  46  340.956   82.1252
60  45  334.872   72.487
60  44  323.521   62.9078
60  43  318.831   59.8997
60  42  321.398   65.344
60  41  318.347   67.5842
60  40  321.044   71.8305
60  39  315.664   66.5055
60  38  306.44   73.3696
60  37  304.166   67.7899
60  36  296.654   64.6975
60  35  301.059   70.133
60  34  292.81   64.6094
60  33  293.651   60.704
60  32  289.789   64.4474
60  31  285.389   63.5955
60  30  287.013   57.2064
60  29  279.67   59.5053
60  28  283.326   60.0724
60  27  273.512   58.3652
60  26  271.207   53.9467
60  25  264.413   56.6354
60  24  263.592   58.6424
60  23  267.139   54.5409
60  22  260.242   57.1093
60  21  260.812   58.3987
60  20  257.934   51.0449
60  19  254.123   54.5181
60  18  254.845   54.5499
60  17  251.985   47.0809
60  16  246.59   53.4659
60  15  244.019   47.2519
60  14  245.39   52.6224
60  13  240.199   45.4712
60  12  240.267   50.3207
60  11  237.432   48.0177
60  10  233.181   43.1377
60  9  235.046   48.5131
60  8  231.244   42.4242
60  7  228.194   46.537
60  6  225.293   49.5437
60  5  221.755   47.3364
60  4  214.2   45.5717
60  3  209.88   54.338
60  2  0   0
59  68  546.292   134.501
59  67  620.678   118.112
59  66  591.178   113.908
59  65  566.335   119.306
59  64  547.878   112.902
59  63  529.475   101.081
59  62  510.834   106.958
59  61  498.197   98.1758
59  60  475.594   95.3964
59  59  454.979   94.3599
59  58  436.223   90.2986
59  57  421.914   90.126
59  56  409.749   83.6028
59  55  403.299   84.779
59  54  388.648   84.8975
59  53  374.566   82.8358
59  52  369.31   70.1488
59  51  364.646   71.2758
59  50  368.117   78.9378
59  49  346.911   74.6823
59  48  349.257   75.2931
59  47  337.834   69.1857
59  46  340.384   70.682
59  45  331.873   66.1431
59  44  335.266   70.577
59  43  324.603   76.4233
59  42  318.578   71.0254
59  41  312.088   68.9724
59  40  316.4   69.0963
59  39  307.176   60.7092
59  38  311.353   66.46
59  37  300.787   65.824
59  36  299.014   67.7264
59  35  291.073   64.4267
59  34  287.504   68.2625
59  33  280.962   61.5045
59  32  283.427   58.3642
59  31  288.42   63.029
59  30  282.222   55.1351
59  29  277.723   54.0789
59  28  282.095   57.9236
59  27  276.912   59.0121
59  26  271.304   52.4149
59  25  261.754   61.1829
59  24  265.276   57.9771
59  23  258.573   54.4217
59  22  256.537   53.1832
59  21  261.665   58.7837
59  20  260.597   49.1074
59  19  248.023   50.4701
59  18  250.217   50.4851
59  17  250.782   51.5688
59  16  246.689   45.969
59  15  248.501   47.0573
59  14  240.379   51.2178
59  13  239.605   51.3548
59  12  234.699   47.2311
59  11  230.311   50.5921
59  10  228.455   41.9409
59  9  227.97   40.8751
59  8  231.678   46.4827
59  7  231.544   44.2473
59  6  222.924   42.9726
59  5  222.626   44.4969
59  4  205.963   62.3144
58  68  590.139   115.11
58  67  622.159   114.343
58  66  593.224   112.297
58  65  574.424   112.773
58  64  557.091   111.174
58  63  539.727   103.429
58  62  523.346   98.6528
58  61  503.985   90.7712
58  60  488.77   87.1831
58  59  476.754   86.4645
58  58  456.744   85.8758
58  57  442.758   88.1833
58  56  427.136   86.0076
58  55  419.405   87.1712
58  54  408.06   80.6705
58  53  393.618   80.9461
58  52  384.422   77.281
58  51  372.044   74.1483
58  50  372.535   70.0037
58  49  358.676   83.2745
58  48  365.449   74.5642
58  47  363.568   77.5009
58  46  357.945   75.9652
58  45  357.757   70.8864
58  44  345.706   70.002
58  43  340.318   76.1496
58  42  337.051   69.0304
58  41  334.584   68.5484
58  40  335.396   63.5343
58  39  324.562   56.2795
58  38  325.32   65.0987
58  37  315.808   64.8815
58  36  317.961   69.899
58  35  311.05   64.57
58  34  311.537   62.5726
58  33  308.982   67.8371
58  32  306.119   63.0707
58  31  303.615   67.0954
58  30  300.977   58.9791
58  29  295.569   60.3135
58  28  296.432   62.0594
58  27  294.503   61.6144
58  26  285.809   62.5816
58  25  287.248   53.4964
58  24  284.404   57.1537
58  23  285.276   53.9793
58  22  276.376   54.9951
58  21  273.829   56.9964
58  20  274.629   57.1067
58  19  273.397   53.228
58  18  264.231   54.7255
58  17  265.292   52.9319
58  16  264.016   51.4076
58  15  262.428   52.0257
58  14  257.643   58.973
58  13  249.598   56.2905
58  12  248.861   50.9785
58  11  251.614   44.2421
58  10  245.356   55.5916
58  9  245.11   44.7193
58  8  246.359   49.294
58  7  236.341   44.4697
58  6  234.651   49.5643
58  5  204.263   49.457
58  4  0   0
57  68  552.599   142.921
57  67  625.28   115.037
57  66  600.066   113.525
57  65  577.358   107.916
57  64  550.604   107.227
57  63  536.707   114.48
57  62  515.612   97.067
57  61  499.987   98.439
57  60  475.848   93.3183
57  59  462.624   90.8125
57  58  451.328   83.9994
57  57  439.959   91.8917
57  56  428.936   90.0947
57  55  420.653   88.4252
57  54  406.458   86.5352
57  53  394.344   78.7422
57  52  389.229   83.6145
57  51  377.579   81.0714
57  50  373.155   69.1634
57  49  379.197   81.6449
57  48  344   75.3943
57  47  348.383   68.9093
57  46  354.408   77.291
57  45  347.924   67.1029
57  44  340.669   68.3706
57  43  340.989   75.9727
57  42  336.12   64.9217
57  41  330.957   78.5317
57  40  327.057   64.8642
57  39  333.024   57.3495
57  38  307.898   74.2304
57  37  320.698   70.2316
57  36  309.118   66.4558
57  35  305.984   66.7483
57  34  307.563   63.4738
57  33  305.869   58.1942
57  32  307.259   65.9562
57  31  298.323   57.5815
57  30  293.313   66.7837
57  29  295.435   58.8815
57  28  288.866   60.6716
57  27  282.495   56.4456
57  26  275.434   60.1137
57  25  274.476   63.3785
57  24  275.6   61.7333
57  23  267.7   55.5968
57  22  269.623   55.1546
57  21  269.887   55.1819
57  20  267.37   56.6369
57  19  261.605   53.4394
57  18  261.402   50.5745
57  17  254.865   53.6565
57  16  255.364   55.2993
57  15  254.355   54.7982
57  14  250.618   55.1216
57  13  252.27   46.5586
57  12  252.736   45.8928
57  11  240.621   45.6988
57  10  245.027   49.7002
57  9  232.883   44.6437
57  8  230.79   47.1386
57  7  223.778   45.0638
57  6  182.435   62.159
56  68  596.105   127.175
56  67  621.847   109.706
56  66  597.177   106.309
56  65  579.6   105.264
56  64  563.113   103.385
56  63  543.197   103.539
56  62  536.365   96.4912
56  61  520.325   95.3067
56  60  499.989   89.8912
56  59  490.526   91.8977
56  58  481.152   88.8936
56  57  458.804   85.5383
56  56  445.851   90.4707
56  55  424.598   82.758
56  54  419.918   81.783
56  53  410.686   77.9997
56  52  400.565   73.7487
56  51  410.314   76.7986
56  50  390.903   82.4238
56  49  393.916   74.5663
56  48  390.524   79.356
56  47  369.852   70.9104
56  46  373.947   75.6433
56  45  379.611   78.472
56  44  373.277   75.2822
56  43  361.176   74.7234
56  42  368.752   72.7347
56  41  353.322   77.0274
56  40  352.76   68.0051
56  39  351.119   76.9518
56  38  337.598   67.4861
56  37  336.745   68.4296
56  36  326.942   63.5792
56  35  333.525   68.0623
56  34  329.255   68.1506
56  33  328.786   65.959
56  32  328.81   67.6813
56  31  319.172   66.1121
56  30  318.421   63.7985
56  29  309.942   67.7056
56  28  321.957   64.2198
56  27  305.831   67.7857
56  26  298.744   64.8012
56  25  298.844   61.5038
56  24  302.908   63.8159
56  23  293.271   61.4342
56  22  303.81   58.7108
56  21  289.299   58.0372
56  20  284.138   55.3926
56  19  283.93   60.1863
56  18  285.823   51.7608
56  17  277.052   53.1257
56  16  273.265   55.6065
56  15  279.515   59.6641
56  14  273.883   54.1092
56  13  274.827   56.1044
56  12  264.989   53.7147
56  11  268.927   53.0358
56  10  260.792   51.9639
56  9  258.669   50.2709
56  8  251.455   46.3667
56  7  199.662   47.6625
55  68  555.947   136.352
55  67  620.628   117.856
55  66  603.497   115.495
55  65  579.559   114.039
55  64  547.473   97.5202
55  63  539.432   108.239
55  62  519.186   98.0395
55  61  492.599   101.939
55  60  479.562   90.8166
55  59  456.868   91.427
55  58  443.479   85.9377
55  57  439.899   87.9404
55  56  418.787   86.3677
55  55  401.466   85.9253
55  54  394.166   81.2595
55  53  380.979   82.8637
55  52  375.516   75.2322
55  51  368.847   73.3732
55  50  366.334   77.9899
55  49  349.512   73.5843
55  48  350.851   78.6914
55  47  355.969   68.8949
55  46  348.721   77.4323
55  45  343.152   71.5889
55  44  339.817   67.1054
55  43  340.944   70.5877
55  42  325.156   71.6599
55  41  323.134   63.8065
55  40  316.861   69.6599
55  39  322.412   67.7218
55  38  312.516   69.2988
55  37  304.346   70.9855
55  36  303.153   63.6619
55  35  306.867   63.5591
55  34  296.979   70.3949
55  33  299.813   62.0701
55  32  297.892   61.4116
55  31  291.707   59.8619
55  30  295.291   61.8115
55  29  288.774   59.1322
55  28  279.382   60.1769
55  27  281.018   59.0823
55  26  279.522   56.7711
55  25  280.277   61.9362
55  24  266.547   62.0536
55  23  273.376   58.2001
55  22  261.144   55.4363
55  21  265.587   55.7872
55  20  266.541   50.8312
55  19  263.697   51.4116
55  18  255.628   57.2048
55  17  254.806   50.157
55  16  252.712   51.4054
55  15  245.05   54.4448
55  14  244.999   53.2029
55  13  243.723   48.6697
55  12  244.085   49.4532
55  11  235.252   44.8673
55  10  243.792   51.5285
55  9  225.482   50.1135
55  8  193.885   59.12
54  68  592.065   123.983
54  67  624.186   126.051
54  66  599.95   116.713
54  65  563.006   99.8056
54  64  549.673   104.368
54  63  533.794   102.596
54  62  512.788   102.92
54  61  496.148   97.2025
54  60  471.164   94.7276
54  59  453.789   87.0132
54  58  435.458   88.8798
54  57  426.685   87.2561
54  56  406.392   85.9651
54  55  394.503   90.2171
54  54  382.3   80.2517
54  53  366.405   81.361
54  52  364.065   70.2169
54  51  365.222   84.1951
54  50  357.85   75.8074
54  49  358.582   78.2278
54  48  338.918   75.2286
54  47  345.105   74.5705
54  46  338.271   68.3313
54  45  339.3   76.1917
54  44  326.174   73.5504
54  43  314.564   73.0133
54  42  328.563   70.2235
54  41  315.416   73.581
54  40  318.43   64.4078
54  39  311.245   63.4368
54  38  292.845   69.1336
54  37  302.059   71.8566
54  36  295.932   65.2765
54  35  297.272   71.7341
54  34  292.128   64.1296
54  33  294.54   61.7316
54  32  292.592   54.9602
54  31  288.171   64.9166
54  30  278.481   57.9811
54  29  270.225   57.7645
54  28  269.924   64.6074
54  27  267.71   59.1231
54  26  264.203   52.3353
54  25  266.123   65.3487
54  24  265.198   61.2159
54  23  259.073   56.3919
54  22  255.723   61.5197
54  21  249.417   54.9328
54  20  247.916   51.0611
54  19  247.461   52.0107
54  18  243.819   43.3019
54  17  243.544   49.9479
54  16  249.158   51.0055
54  15  236.592   51.8817
54  14  240.985   53.4658
54  13  237.06   51.4716
54  12  228.728   50.0781
54  11  225.492   53.3561
54  10  209.976   48.3822
54  9  171.802   76.603
53  68  553.704   142.719
53  67  621.332   118.12
53  66  599.832   118.3
53  65  585.68   117.563
53  64  555.064   110.395
53  63  530.955   107.486
53  62  517.652   101.867
53  61  494.474   102.266
53  60  482.506   91.8455
53  59  458.386   94.0284
53  58  448.002   102.388
53  57  434.151   90.6065
53  56  419.541   86.5318
53  55  404.202   91.0128
53  54  392.4   87.6209
53  53  380.021   80.4285
53  52  382.431   83.8526
53  51  375.944   78.4547
53  50  372.6   87.0735
53  49  354.165   80.3219
53  48  358.06   85.8673
53  47  350.579   79.784
53  46  345.108   80.4845
53  45  337.096   78.9642
53  44  344.708   74.5252
53  43  337.487   72.1988
53  42  331.478   75.55
53  41  325.754   73.1001
53  40  321.386   70.112
53  39  319.628   70.5313
53  38  313.912   70.4992
53  37  302.373   75.0555
53  36  304.789   70.3073
53  35  299.025   68.0376
53  34  296.179   68.016
53  33  298.48   62.991
53  32  298.93   66.3363
53  31  297.231   61.4749
53  30  292.691   57.7485
53  29  281.833   59.4918
53  28  284.392   62.2325
53  27  272.243   70.664
53  26  277.649   62.7121
53  25  270.79   66.9573
53  24  262.944   56.8158
53  23  266.472   58.4793
53  22  261.396   59.6254
53  21  256.509   55.5256
53  20  256.844   55.8397
53  19  247.718   55.2673
53  18  254.157   58.0936
53  17  251.923   52.7192
53  16  242.932   54.408
53  15  241.676   55.1009
53  14  241.226   50.8704
53  13  239.555   53.2459
53  12  226.292   54.5991
53  11  219.15   53.9186
53  10  163.339   58.7385
52  68  598.692   132.618
52  67  628.896   110.541
52  66  603.736   105.722
52  65  584.647   111.507
52  64  554.309   103.579
52  63  534.512   105.419
52  62  513.849   94.115
52  61  501.666   99.2672
52  60  485.066   91.3474
52  59  473.058   93.8123
52  58  458.877   89.5573
52  57  437.319   96.2409
52  56  427.346   86.6114
52  55  404.28   83.2934
52  54  401.582   82.0421
52  53  385.764   78.4209
52  52  365.58   72.8739
52  51  382.257   73.5692
52  50  367.504   76.8398
52  49  368.237   79.5176
52  48  361.741   80.5776
52  47  355.124   71.202
52  46  355.211   84.9868
52  45  351.032   68.188
52  44  348.776   65.9061
52  43  349.829   73.5073
52  42  336.058   69.6
52  41  330.634   74.5145
52  40  321.153   67.8207
52  39  327.98   64.8797
52  38  320.617   64.369
52  37  317.359   75.3503
52  36  311.465   64.2924
52  35  307.643   62.2579
52  34  302.495   67.9104
52  33  301.161   68.025
52  32  297.541   65.0626
52  31  299.94   63.0147
52  30  295.455   60.5392
52  29  290.737   62.5572
52  28  286.713   59.5019
52  27  275.551   57.0365
52  26  279.267   57.9131
52  25  269.91   63.0031
52  24  271.026   61.9356
52  23  270.452   62.6315
52  22  264.996   59.0804
52  21  268.201   57.1769
52  20  271.726   53.788
52  19  259.1   52.5439
52  18  254.023   55.7717
52  17  253.055   52.3333
52  16  247.859   51.7336
52  15  249.081   50.4549
52  14  243.44   51.2352
52  13  237.982   51.2524
52  12  216.268   60.8037
52  11  166.871   59.5618
51  68  545.539   130.625
51  67  617.872   114.708
51  66  604.355   108.906
51  65  589.385   106.789
51  64  560.515   103.922
51  63  535.753   105.553
51  62  520.969   102.156
51  61  498.679   92.4186
51  60  482.056   92.3393
51  59  464.138   93.1833
51  58  450.98   90.6994
51  57  438.202   84.6422
51  56  424.767   91.8396
51  55  409.171   87.8351
51  54  403.891   88.6822
51  53  389.561   83.2803
51  52  375.722   76.6017
51  51  376.723   83.7924
51  50  368.909   83.8956
51  49  363.116   81.9781
51  48  365.096   79.6732
51  47  348.01   64.3528
51  46  350.808   68.5299
51  45  343.54   80.4382
51  44  342.016   76.3494
51  43  338.311   72.2671
51  42  339.3   72.9451
51  41  331.334   73.0034
51  40  327.525   66.3395
51  39  319.345   70.6224
51  38  327.115   74.4329
51  37  315.036   64.1662
51  36  310.857   65.9376
51  35  307.639   72.5763
51  34  308.17   70.0502
51  33  304.057   55.1867
51  32  299.308   61.6752
51  31  295.123   63.0099
51  30  288.965   59.5379
51  29  290.903   60.2817
51  28  283.551   60.0031
51  27  281.974   55.9475
51  26  282.979   58.4826
51  25  279.714   63.5971
51  24  269.622   61.5712
51  23  262.788   58.0939
51  22  263.811   61.275
51  21  266.333   57.5061
51  20  260.612   51.0181
51  19  256.303   49.9042
51  18  256.001   51.0307
51  17  250.548   55.4867
51  16  249.129   49.1342
51  15  240.363   52.9543
51  14  230.023   55.3918
51  13  217.516   63.0111
51  12  153.417   71.2231
50  68  585.447   131.585
50  67  623.505   121.869
50  66  591.781   121.181
50  65  572.953   111.87
50  64  553.269   113.516
50  63  529.139   107.455
50  62  514.036   103.138
50  61  499.806   97.1283
50  60  488.761   92.0071
50  59  472.892   99.3013
50  58  450.73   91.6085
50  57  441.71   96.3297
50  56  420.687   94.444
50  55  415.172   81.2436
50  54  397.477   84.7639
50  53  390.682   83.5719
50  52  382.199   77.2447
50  51  371.801   79.8477
50  50  357.254   71.5044
50  49  361.227   80.4972
50  48  366.865   81.8172
50  47  354.291   82.285
50  46  354.346   75.4262
50  45  352.394   72.5505
50  44  341.51   66.1903
50  43  338.27   70.9763
50  42  330.126   73.1028
50  41  338.691   75.0929
50  40  332.091   73.5596
50  39  331.353   72.2885
50  38  323.527   69.2001
50  37  308.586   69.2388
50  36  310.845   67.7608
50  35  307.258   65.4477
50  34  304.438   72.3332
50  33  304.4   60.2152
50  32  296.901   66.4843
50  31  292.119   61.1085
50  30  294.263   62.4634
50  29  290.697   68.8976
50  28  289.384   66.6102
50  27  280.512   56.5821
50  26  280.472   63.5773
50  25  273.887   56.3861
50  24  278.082   60.7785
50  23  266.788   58.7319
50  22  275.202   61.05
50  21  266.702   60.4096
50  20  264.66   57.6537
50  19  265.239   55.0642
50  18  262.448   57.388
50  17  257.705   53.5702
50  16  255.629   56.1482
50  15  242.046   56.882
50  14  221.938   68.2973
50  13  168.827   98.2823
49  68  561.889   142.357
49  67  623.149   115.748
49  66  605.711   123.908
49  65  576.782   113.038
49  64  549.448   106.919
49  63  527.97   104.218
49  62  515.066   100.997
49  61  495.542   102.283
49  60  481.033   99.9148
49  59  467.245   96.2363
49  58  454.557   93.5545
49  57  441.58   85.494
49  56  425.517   93.2142
49  55  408.946   85.6916
49  54  394.165   85.8501
49  53  391.293   84.0122
49  52  390.129   81.4423
49  51  370.955   80.9168
49  50  365.475   75.5374
49  49  359.937   78.0079
49  48  367.259   80.5935
49  47  362.142   74.0988
49  46  359.69   72.1658
49  45  356.038   77.6649
49  44  347.366   70.1261
49  43  341.688   67.8866
49  42  337.395   70.8024
49  41  341.611   69.2273
49  40  330.977   69.375
49  39  319.089   70.933
49  38  314.665   59.9145
49  37  321.626   64.5139
49  36  310.955   67.432
49  35  312.951   65.3689
49  34  312.219   66.949
49  33  304.565   66.4499
49  32  302.581   65.9256
49  31  298.767   63.1966
49  30  307.095   64.7322
49  29  297.875   63.2506
49  28  288.535   60.1889
49  27  278.293   57.0691
49  26  285.552   63.5114
49  25  284.04   59.1375
49  24  277.39   57.019
49  23  275.048   58.1583
49  22  273.809   66.0206
49  21  271.861   58.0281
49  20  266.388   58.2542
49  19  262.928   57.5589
49  18  264.431   51.9699
49  17  260.059   51.9807
49  16  249.81   56.1347
49  15  220.083   68.2558
49  14  159.313   115.985
48  68  585.077   132.79
48  67  625.784   118.959
48  66  601.787   117.078
48  65  571.975   112.851
48  64  561.544   112.374
48  63  537.287   106.611
48  62  522.948   107.117
48  61  512.618   104.108
48  60  496.611   98.8401
48  59  476.186   100.054
48  58  453.471   91.4972
48  57  446.145   91.9861
48  56  432.984   88.7291
48  55  424.557   94.3199
48  54  412.01   87.2998
48  53  401.72   88.1555
48  52  392.562   83.0414
48  51  381.76   76.1934
48  50  378.526   72.956
48  49  376.445   86.5606
48  48  370.962   84.2044
48  47  365.07   80.5944
48  46  368.125   85.3229
48  45  357.999   77.2787
48  44  362.043   72.7434
48  43  354.646   79.8367
48  42  347.023   76.9799
48  41  346.114   72.6263
48  40  339.541   76.5314
48  39  333.233   67.4135
48  38  337.099   71.194
48  37  325.477   77.1932
48  36  319.624   78.629
48  35  321.594   72.4452
48  34  316.205   70.0147
48  33  317.032   72.5438
48  32  310.263   68.3528
48  31  309.069   64.2532
48  30  307.045   62.7242
48  29  296.526   64.3638
48  28  300.733   62.2951
48  27  297.13   66.8627
48  26  288.366   58.2348
48  25  280.388   62.4355
48  24  286.4   57.2442
48  23  287.948   59.6442
48  22  281.068   60.3595
48  21  279.668   63.1556
48  20  281.1   59.1837
48  19  269.891   57.3671
48  18  266.719   59.2175
48  17  260.002   54.8956
48  16  227.458   59.7392
48  15  0   0
47  68  570.439   150.628
47  67  620.543   115.713
47  66  602.245   119.761
47  65  582.107   115.508
47  64  560.816   105.798
47  63  532.155   103.888
47  62  507.269   105.461
47  61  494.323   102.483
47  60  479.166   103.898
47  59  460.953   100.417
47  58  446.262   93.1956
47  57  427.593   91.6335
47  56  415.051   85.7334
47  55  398.679   89.39
47  54  390.956   85.4109
47  53  375.651   85.6059
47  52  367.711   83.8476
47  51  358.159   77.0592
47  50  353.348   81.4834
47  49  358.923   84.6575
47  48  347.626   75.3556
47  47  345.376   81.2246
47  46  342.004   77.605
47  45  334.528   77.6581
47  44  344.172   74.0041
47  43  329.61   78.3002
47  42  325.123   70.7844
47  41  326.576   76.3407
47  40  304.924   56.7621
47  39  309.987   68.0517
47  38  297.805   70.691
47  37  304.563   67.6178
47  36  300.179   69.9805
47  35  298.951   78.3664
47  34  294.434   66.7286
47  33  302.815   66.0311
47  32  291.142   67.8426
47  31  278.295   70.3033
47  30  277.802   64.8398
47  29  279.919   63.3814
47  28  272.351   65.6359
47  27  269.033   62.3584
47  26  262.147   63.8434
47  25  264.564   67.9978
47  24  265.091   62.8939
47  23  260.084   60.2726
47  22  255.155   57.6384
47  21  250.307   49.8402
47  20  246.145   60.9396
47  19  242.492   58.8657
47  18  227.729   57.2274
47  17  192.069   70.1705
46  68  592.386   137.695
46  67  630.219   123.914
46  66  595.526   112.451
46  65  572.71   121.349
46  64  547.481   111.645
46  63  527.447   109.081
46  62  509.021   107.568
46  61  497.776   108.423
46  60  478.729   99.9302
46  59  456.393   101.488
46  58  444.817   91.4968
46  57  434.267   98.5022
46  56  409.228   94.7943
46  55  400.055   95.0141
46  54  394.625   88.067
46  53  379.856   83.6797
46  52  371.655   87.8232
46  51  370.785   80.9253
46  50  364.584   79.2151
46  49  355.663   67.1417
46  48  346.032   73.6494
46  47  338.046   81.7619
46  46  348.643   79.7487
46  45  331.798   73.5351
46  44  340.695   77.8177
46  43  328.45   77.5361
46  42  330.993   72.0372
46  41  322.365   73.2179
46  40  317.037   66.6084
46  39  313.694   74.4446
46  38  319.253   71.0619
46  37  297.876   71.4289
46  36  303.604   77.3641
46  35  291.748   75.5475
46  34  295.406   65.9532
46  33  285.321   70.8567
46  32  289.219   69.6401
46  31  278.275   67.3888
46  30  280.943   64.7503
46  29  272.523   62.3116
46  28  272.673   59.115
46  27  270.255   58.0671
46  26  266.998   59.1284
46  25  264.758   62.982
46  24  260.03   66.8161
46  23  257.502   59.548
46  22  256.737   60.647
46  21  253.703   60.9076
46  20  248.816   53.3787
46  19  232.524   58.3581
46  18  202.311   63.9285
45  68  553.228   143.627
45  67  618.202   121.626
45  66  604.452   115.739
45  65  578.118   116.087
45  64  554.268   106.065
45  63  531.251   107.355
45  62  507.844   105.269
45  61  484.736   95.409
45  60  470.691   97.9313
45  59  459.658   101.072
45  58  440.12   92.6454
45  57  436.167   94.2165
45  56  415.36   97.3585
45  55  400.432   86.4139
45  54  388.287   87.2786
45  53  382.965   84.4954
45  52  374.659   76.0333
45  51  357.937   77.0348
45  50  362.657   77.2334
45  49  354.988   72.2561
45  48  343.794   79.8617
45  47  348.234   78.5116
45  46  341.033   82.699
45  45  346.766   80.4227
45  44  334.265   73.9424
45  43  330.934   76.451
45  42  321.745   73.8282
45  41  324.315   70.3751
45  40  324.49   75.5112
45  39  312.403   69.9167
45  38  311.831   73.1214
45  37  302.379   75.2626
45  36  297.358   73.109
45  35  293.709   71.058
45  34  288.925   70.7095
45  33  290.242   67.4073
45  32  281.815   63.0961
45  31  275.374   61.6276
45  30  273.703   62.0228
45  29  274.085   53.6729
45  28  267.97   56.6612
45  27  272.913   64.0706
45  26  269.84   63.7106
45  25  259.85   59.8734
45  24  259.95   62.4586
45  23  257.213   57.2254
45  22  251.138   61.1643
45  21  244.771   56.5525
45  20  240.724   52.0143
45  19  198.186   65.8259
44  68  585.017   133.639
44  67  627.537   121.259
44  66  598.407   117.961
44  65  576.102   111.819
44  64  558.251   127.852
44  63  530.459   110.109
44  62  516.978   110.255
44  61  486.404   98.2774
44  60  472.063   98.0884
44  59  456.26   90.7207
44  58  442.958   91.1518
44  57  426.381   86.1179
44  56  417.277   96.169
44  55  408.956   88.3267
44  54  395.055   87.2904
44  53  383.349   88.8427
44  52  373.928   82.0319
44  51  369.013   76.9771
44  50  371.778   76.1717
44  49  367.702   79.1779
44  48  346.513   68.0402
44  47  354.707   78.929
44  46  345.836   72.9209
44  45  344.364   74.8589
44  44  333.457   77.0043
44  43  331.603   77.253
44  42  334.256   75.7473
44  41  324.637   66.3334
44  40  325.021   74.7993
44  39  311.069   72.5877
44  38  310.454   69.7981
44  37  301.993   70.9101
44  36  299.465   72.7247
44  35  307.152   68.899
44  34  297.631   74.4515
44  33  303.579   66.0229
44  32  291.526   71.118
44  31  281.907   63.019
44  30  280.994   65.6622
44  29  273.959   56.6654
44  28  270.644   64.2677
44  27  279.306   64.6313
44  26  269.775   62.6006
44  25  267.613   56.1076
44  24  264.978   64.9794
44  23  252.568   62.2087
44  22  250.016   57.5072
44  21  237.472   56.3293
44  20  206.057   60.8409
43  68  548.498   141.244
43  67  618.503   121.682
43  66  599.889   116.145
43  65  581.509   112.398
43  64  564.181   110.22
43  63  546.534   104.358
43  62  527.427   106.893
43  61  507.62   99.0614
43  60  490.303   95.3457
43  59  478.865   92.1242
43  58  460.624   94.35
43  57  444.968   87.3289
43  56  442.405   97.7022
43  55  421.695   92.7436
43  54  414.676   92.1833
43  53  404.121   86.7438
43  52  406.764   87.7764
43  51  388.546   82.1243
43  50  389.968   82.1154
43  49  380.247   91.7521
43  48  383.397   84.7344
43  47  377.147   79.3623
43  46  373.017   76.5049
43  45  366.899   73.9031
43  44  355.382   71.6094
43  43  359.238   70.5449
43  42  348.871   63.4192
43  41  345.261   67.2067
43  40  348.48   70.8303
43  39  342.615   72.3353
43  38  337.038   70.8778
43  37  333.548   74.0824
43  36  336.728   72.9328
43  35  323.351   73.283
43  34  328.423   66.8884
43  33  324.876   65.0016
43  32  320.283   69.4787
43  31  315.73   71.7131
43  30  307.733   63.6309
43  29  305.349   63.9419
43  28  306.811   67.0267
43  27  299.651   63.7674
43  26  302.932   70.9923
43  25  298.043   60.4096
43  24  290.791   59.9809
43  23  285.862   56.9252
43  22  267.121   63.3173
43  21  220.652   66.8636
42  68  579.011   126.28
42  67  623.965   118.193
42  66  592.286   112.177
42  65  585.452   117.121
42  64  549.496   117.529
42  63  538.816   106.719
42  62  504.217   100.691
42  61  499.684   100.183
42  60  485.572   97.9218
42  59  466.048   84.3594
42  58  451.355   90.9242
42  57  444.739   90.6496
42  56  427.361   91.1028
42  55  414.295   79.9868
42  54  409.012   85.362
42  53  398.322   85.3322
42  52  387.912   80.5353
42  51  381.655   77.825
42  50  380.456   70.0595
42  49  376.3   84.8709
42  48  362.807   65.6832
42  47  367.745   68.8591
42  46  359.673   80.5154
42  45  358.882   86.3515
42  44  344.986   70.5669
42  43  345.268   68.3564
42  42  341.04   63.7642
42  41  335.98   67.7169
42  40  330.964   60.8807
42  39  330.931   63.4828
42  38  317.895   65.698
42  37  323.54   71.2279
42  36  315.82   65.5085
42  35  313.779   64.5578
42  34  312.928   69.1003
42  33  301.263   60.0506
42  32  306.126   55.4412
42  31  304.202   67.6529
42  30  298.696   61.9571
42  29  295.714   58.9805
42  28  288.11   62.1246
42  27  285.574   60.9152
42  26  286.527   58.0575
42  25  284.336   64.6523
42  24  273.474   59.77
42  23  253.005   60.0945
42  22  202.371   58.0182
41  68  545.813   137.155
41  67  612.597   113.839
41  66  599.755   110.675
41  65  569.462   107.376
41  64  565.269   105.635
41  63  530.989   102.021
41  62  505.722   96.3369
41  61  489.71   88.6582
41  60  471.945   95.8875
41  59  471.567   96.8427
41  58  449.736   90.2237
41  57  437.061   83.7314
41  56  420.338   81.305
41  55  408.173   80.7287
41  54  399.367   88.486
41  53  396.162   77.8825
41  52  384.87   78.9657
41  51  385.34   73.6013
41  50  382.078   75.6472
41  49  375.185   77.1765
41  48  367.306   71.7176
41  47  368.781   81.1543
41  46  360.331   69.459
41  45  353.117   69.0691
41  44  346.983   67.4898
41  43  339.555   70.544
41  42  335.235   66.8157
41  41  339.878   68.9397
41  40  329.717   64.2691
41  39  330.998   61.9403
41  38  320.748   74.6782
41  37  317.896   70.3264
41  36  317.96   63.4257
41  35  318.607   69.0302
41  34  309.042   62.3797
41  33  310.168   62.9544
41  32  308.052   59.9517
41  31  303.347   61.3989
41  30  304.406   56.5965
41  29  293.602   55.1536
41  28  297.258   51.9708
41  27  294.366   57.0459
41  26  286.026   51.9994
41  25  273.884   53.2246
41  24  263.985   60.9264
41  23  204.652   68.8318
40  68  599.075   123.001
40  67  626.495   107.207
40  66  613.061   109.451
40  65  584.61   108.839
40  64  558.281   98.0577
40  63  532.062   96.7236
40  62  518.008   85.0534
40  61  505.832   88.6587
40  60  492.257   91.2819
40  59  473.083   86.8301
40  58  458.414   83.6238
40  57  449.246   80.0253
40  56  434.95   80.7684
40  55  423.326   80.7687
40  54  411.895   82.5829
40  53  406.472   76.9594
40  52  405.299   65.3938
40  51  401.001   75.2867
40  50  392.313   74.4268
40  49  373.61   61.9103
40  48  371.426   75.3171
40  47  374.92   79.3566
40  46  370.373   72.1728
40  45  366.442   70.9231
40  44  362.017   71.6026
40  43  355.685   61.747
40  42  361.057   70.253
40  41  354.449   65.2877
40  40  345.211   70.9668
40  39  340.476   62.994
40  38  336.701   61.021
40  37  340.044   61.9711
40  36  332.813   68.1337
40  35  331.93   61.6291
40  34  325.944   69.5992
40  33  319.443   56.9867
40  32  322.61   57.6279
40  31  318.856   58.5259
40  30  308.602   58.69
40  29  311.624   56.5636
40  28  299.706   56.285
40  27  293.42   53.0204
40  26  283.908   54.3639
40  25  263.572   58.8789
40  24  209.76   62.758
39  68  552.633   127.689
39  67  631.857   116.89
39  66  608.705   107.614
39  65  580.122   112.6
39  64  548.731   104.429
39  63  540.271   104.014
39  62  520.167   104.468
39  61  504.077   98.5087
39  60  480.215   96.1721
39  59  472.952   90.4423
39  58  448.64   86.5065
39  57  442.19   87.4885
39  56  429.026   89.5668
39  55  411.71   86.5463
39  54  405.516   83.3637
39  53  396.79   84.9132
39  52  400.284   94.3469
39  51  387.591   78.3941
39  50  382.011   79.9589
39  49  370.174   74.551
39  48  366.4   82.4066
39  47  367.458   79.1586
39  46  358.995   71.3643
39  45  348.6   68.4789
39  44  345.758   77.0277
39  43  350.131   70.6555
39  42  346.822   71.5463
39  41  343.168   66.2888
39  40  323.431   73.9524
39  39  331.204   69.0257
39  38  318.582   69.6801
39  37  321.897   62.9396
39  36  314.948   62.4958
39  35  316.337   68.0582
39  34  305.117   65.3919
39  33  305.57   68.5389
39  32  301.203   62.0696
39  31  293.314   61.1991
39  30  291.255   57.9363
39  29  294.274   61.5245
39  28  281.735   56.7193
39  27  279.162   60.9206
39  26  248.537   59.3175
39  25  162.785   58.8422
38  68  590.475   129.12
38  67  619.523   107.903
38  66  602.777   117.343
38  65  586.358   103.008
38  64  558.879   101.692
38  63  528.057   102.883
38  62  506.862   99.0468
38  61  494.77   90.0123
38  60  482.204   93.9802
38  59  462.167   91.3551
38  58  458.906   85.7533
38  57  441.845   85.701
38  56  421.603   92.3055
38  55  411.111   87.2729
38  54  398.56   85.1555
38  53  392.31   81.5616
38  52  384.309   76.7191
38  51  375.205   74.6189
38  50  373.587   72.0663
38  49  377.916   77.8698
38  48  358.654   76.5594
38  47  353.371   71.9866
38  46  346.764   71.6928
38  45  349.764   64.2082
38  44  345.567   70.9893
38  43  336.147   65.2215
38  42  336.098   62.7298
38  41  331.928   68.8606
38  40  338.296   64.1532
38  39  322.593   66.722
38  38  328.91   62.3282
38  37  313.594   71.3573
38  36  311.753   71.1605
38  35  291.701   55.7058
38  34  301.388   66.3061
38  33  297.547   66.1719
38  32  293.739   66.9505
38  31  289.892   58.494
38  30  289.049   60.6132
38  29  283.131   53.9677
38  28  267.283   53.297
38  27  230.737   67.227
38  26  177.358   71.4999
37  68  545.642   127.193
37  67  617.815   105.394
37  66  601.122   111.554
37  65  569.966   104.048
37  64  548.651   99.9879
37  63  520.385   95.3177
37  62  510.018   95.4259
37  61  487.578   89.9746
37  60  477.727   84.4535
37  59  466.305   88.8407
37  58  444.473   83.6333
37  57  434.843   84.3348
37  56  424.858   86.5966
37  55  412.523   78.2022
37  54  398.953   80.4523
37  53  386.922   73.2104
37  52  374.457   67.0209
37  51  365.186   70.9087
37  50  371.978   72.147
37  49  360.349   70.5382
37  48  363.937   71.5876
37  47  350.248   71.3393
37  46  351.04   70.021
37  45  350.287   67.3938
37  44  347.306   64.2313
37  43  345.997   63.0306
37  42  342.209   65.5177
37  41  328.312   69.6892
37  40  333.961   61.8129
37  39  325.126   62.2483
37  38  318.475   53.0433
37  37  313.808   57.7367
37  36  318.949   56.54
37  35  311.298   55.7996
37  34  306.736   59.3075
37  33  303.219   52.0235
37  32  300.675   53.803
37  31  292.151   50.1115
37  30  285.874   52.2067
37  29  281.979   51.9415
37  28  248.584   54.6173
36  68  583.944   124.022
36  67  623.055   112.762
36  66  580.519   96.2513
36  65  574.465   101.803
36  64  557.922   105.454
36  63  536.495   98.8068
36  62  527.413   90.8735
36  61  510.562   93.8544
36  60  495.27   95.8007
36  59  487.094   90.9595
36  58  465.336   87.9589
36  57  454.733   91.6393
36  56  446.545   88.7485
36  55  426.645   84.2244
36  54  412.768   79.629
36  53  412.852   81.7785
36  52  397.13   73.0376
36  51  384.956   67.8785
36  50  385.913   69.2958
36  49  378.568   82.7287
36  48  376.86   71.3324
36  47  369.873   78.5639
36  46  365.665   66.8395
36  45  369.809   66.7087
36  44  366.783   69.5298
36  43  354.146   67.9514
36  42  358.846   64.5739
36  41  349.613   65.0885
36  40  346.973   67.6954
36  39  339.617   60.7599
36  38  334.567   64.3553
36  37  331.501   62.1326
36  36  324.981   70.7615
36  35  326.709   62.2384
36  34  330.828   59.7668
36  33  322.015   60.825
36  32  314.624   57.4284
36  31  307.574   63.1509
36  30  296.649   60.4082
36  29  247.145   62.4704
35  68  543.96   132.661
35  67  613.848   118.595
35  66  596.441   116.897
35  65  569.456   109.051
35  64  545.668   103.169
35  63  522.874   99.3669
35  62  501.911   93.631
35  61  492.654   96.7937
35  60  472.096   101.326
35  59  457.53   91.0965
35  58  440.893   81.6904
35  57  429.995   90.9349
35  56  413.839   86.8725
35  55  408.966   89.7589
35  54  394.108   81.6845
35  53  387.625   84.6835
35  52  381.41   82.5394
35  51  372.354   74.7553
35  50  371.758   72.7156
35  49  354.567   81.8285
35  48  342.443   79.5166
35  47  349.71   80.8046
35  46  340.751   68.5259
35  45  346.917   75.0691
35  44  339.71   71.3871
35  43  331.47   68.6049
35  42  335.406   63.4738
35  41  323.469   60.8661
35  40  322.19   68.1869
35  39  311.628   59.0784
35  38  317.634   69.3815
35  37  319.023   68.6347
35  36  313.284   66.5825
35  35  304.697   61.4991
35  34  306.104   60.3497
35  33  297.622   61.7216
35  32  290.759   54.4515
35  31  279.617   58.179
35  30  240.837   60.7973
34  68  576.35   122.312
34  67  614.074   112.237
34  66  590.387   113.857
34  65  566.423   103.829
34  64  547.326   104.289
34  63  530.208   96.3498
34  62  505.702   91.7145
34  61  485.413   96.0954
34  60  464.928   87.1418
34  59  461.632   84.0333
34  58  445.732   88.6013
34  57  433.445   84.8916
34  56  415.269   85.3017
34  55  411.61   81.05
34  54  398.462   78.74
34  53  390.553   76.887
34  52  381.097   69.7688
34  51  371.849   64.0558
34  50  360.708   70.2997
34  49  364.691   76.0459
34  48  357.414   71.2759
34  47  351.094   68.6971
34  46  359.052   69.8203
34  45  345.205   66.5184
34  44  350.924   62.3254
34  43  342.778   59.7799
34  42  335.629   59.0396
34  41  336.148   57.4017
34  40  341.361   62.2815
34  39  329.965   66.4463
34  38  328.923   61.9076
34  37  325.454   59.2651
34  36  317.399   58.2164
34  35  310.942   65.3985
34  34  308.876   54.4007
34  33  309.618   52.2715
34  32  291.244   52.3707
34  31  252.289   59.2884
33  68  560.843   139.933
33  67  613.138   111.67
33  66  595.362   115.248
33  65  574.67   108.589
33  64  545.754   103.539
33  63  534.143   97.3898
33  62  514.007   89.0545
33  61  496.104   98.0766
33  60  475.62   97.136
33  59  460.656   94.9913
33  58  446.293   88.3049
33  57  434.976   86.1521
33  56  423.075   88.3512
33  55  413.341   81.4037
33  54  399.276   83.7696
33  53  393.796   81.1823
33  52  388.028   74.3946
33  51  381.435   71.3201
33  50  378.914   73.086
33  49  361.9   72.3589
33  48  354.274   73.9165
33  47  360.66   78.8719
33  46  351.758   74.1885
33  45  343.899   71.6747
33  44  352.725   68.5168
33  43  345.53   72.3143
33  42  336.272   69.1238
33  41  336.017   65.0263
33  40  338.834   66.5499
33  39  328.601   68.8109
33  38  326.866   62.1329
33  37  322.572   68.679
33  36  322.538   64.5262
33  35  309.121   60.1926
33  34  306.2   59.0465
33  33  290.168   56.2419
33  32  255.563   67.0303
32  68  583.348   137.796
32  67  623.351   120.523
32  66  603.479   120.429
32  65  570.438   101.348
32  64  555.503   105.681
32  63  529.664   108.726
32  62  517.657   104.02
32  61  491.437   101.78
32  60  474.089   98.1682
32  59  465.262   98.7154
32  58  450.807   92.4568
32  57  431.032   88.8531
32  56  423.293   91.9803
32  55  409.872   91.5968
32  54  404.94   91.7204
32  53  382.979   84.3646
32  52  381.985   73.0591
32  51  383.085   78.9806
32  50  364.917   85.0275
32  49  368.857   77.0354
32  48  362.222   85.4867
32  47  349.085   79.7911
32  46  345.811   79.5543
32  45  334.533   67.7503
32  44  337.264   68.3613
32  43  335.27   72.5674
32  42  335.073   77.8672
32  41  318.924   74.3686
32  40  322.172   65.3181
32  39  329.924   72.0425
32  38  311.96   68.1081
32  37  307.2   70.6993
32  36  298.639   73.3905
32  35  293.453   63.4013
32  34  278.705   74.0957
32  33  217.558   59.5819
31  68  577.691   131.55
31  67  617.502   119.001
31  66  598.007   112.027
31  65  572.871   112.079
31  64  551.031   101.574
31  63  529.617   99.4915
31  62  496.572   99.1433
31  61  484.572   97.6761
31  60  477.165   96.0005
31  59  451.859   86.6345
31  58  440.352   88.0588
31  57  434.453   89.2318
31  56  421.508   85.8094
31  55  411.748   88.4525
31  54  397.946   83.0712
31  53  385.045   82.9258
31  52  372.693   81.5998
31  51  370.122   79.6683
31  50  367.505   65.8287
31  49  360.251   68.3055
31  48  351.378   68.1794
31  47  350.365   72.951
31  46  342.483   71.0385
31  45  339.673   74.2326
31  44  349.402   71.6415
31  43  337.525   70.0738
31  42  329.362   67.1388
31  41  331.098   70.2886
31  40  328.098   67.5552
31  39  320.528   71.5523
31  38  307.197   64.9523
31  37  302.175   62.4096
31  36  294.444   70.4837
31  35  283.051   72.2484
31  34  224.742   63.4351
30  68  585.963   128.84
30  67  619.227   123.199
30  66  596.292   104.3
30  65  570.903   114.133
30  64  545.951   105.988
30  63  529.465   108.08
30  62  509.289   106.78
30  61  500.714   101.689
30  60  470.422   88.9018
30  59  457.552   95.7304
30  58  438.811   89.6686
30  57  434.469   94.1249
30  56  418.519   93.9576
30  55  399.193   85.5797
30  54  399.034   84.8229
30  53  382.25   83.2349
30  52  383.55   83.9169
30  51  362.683   83.436
30  50  358.145   84.0431
30  49  359.123   81.4711
30  48  351.806   78.4443
30  47  344.136   70.751
30  46  344.58   70.361
30  45  333.952   66.2566
30  44  336.567   67.285
30  43  345.546   69.5432
30  42  331.127   64.9062
30  41  324.552   69.4423
30  40  316.393   63.0998
30  39  309.049   78.0194
30  38  297.585   68.7477
30  37  288.339   62.2909
30  36  262.677   68.0532
30  35  193.488   72.9025
29  68  571.924   133.043
29  67  614.487   113.284
29  66  596.153   116.19
29  65  559.894   107.46
29  64  546.125   112.618
29  63  517.394   107.248
29  62  503.228   97.952
29  61  483.524   103.403
29  60  466.955   91.74
29  59  448.893   87.8543
29  58  437.913   88.3294
29  57  421.971   90.8387
29  56  411.776   89.3706
29  55  392.713   88.0864
29  54  388.518   81.4693
29  53  382.172   81.8339
29  52  369.654   73.6321
29  51  355.458   75.2339
29  50  360.056   72.0953
29  49  345.505   72.5558
29  48  347.267   76.6149
29  47  343.138   70.842
29  46  337.825   67.5536
29  45  342.366   75.1084
29  44  326.771   69.3742
29  43  322.489   68.2285
29  42  317.248   72.6009
29  41  315.538   68.4819
29  40  318.972   61.8669
29  39  303.5   67.3577
29  38  293.008   65.8179
29  37  255.017   67.7053
29  36  207.615   77.9873
28  68  561.703   135.852
28  67  613.187   118.076
28  66  596.969   115.81
28  65  576.707   111.903
28  64  542.858   110.073
28  63  519.492   108.683
28  62  501.99   102.14
28  61  491.822   99.7538
28  60  486.849   98.8858
28  59  463.385   99.7156
28  58  450.17   95.1774
28  57  429   93.6885
28  56  421.443   93.0526
28  55  404.029   88.4442
28  54  403.972   90.7869
28  53  386.49   88.4317
28  52  377.804   77.1128
28  51  368.351   79.9069
28  50  365.116   82.0584
28  49  357.427   81.1389
28  48  352.251   73.7744
28  47  357.802   76.0451
28  46  348.492   75.4807
28  45  347.577   74.8183
28  44  340.547   70.0955
28  43  341.31   75.5282
28  42  332.539   77.388
28  41  332.235   71.3985
28  40  313.021   70.5177
28  39  301.472   63.447
28  38  259.301   73.5334
28  37  194.319   96.8287
27  68  570.876   143.283
27  67  622.94   125.863
27  66  595.186   122.625
27  65  580.626   114.814
27  64  549.26   113.545
27  63  536.362   114.048
27  62  518.795   116
27  61  494.972   105.573
27  60  484.409   105.818
27  59  467.64   102.593
27  58  456.258   98.4871
27  57  439.57   100.105
27  56  421.025   102.749
27  55  409.673   95.1217
27  54  396.917   91.7616
27  53  387.801   92.8512
27  52  380.986   89.7541
27  51  369.882   87.0554
27  50  368.38   95.7382
27  49  367.044   82.7782
27  48  348.014   86.5368
27  47  343.997   87.5362
27  46  347.029   74.5616
27  45  332.321   71.7662
27  44  332.103   84.689
27  43  333.597   77.73
27  42  319.356   77.117
27  41  313.733   70.2639
27  40  300.819   78.4578
27  39  246.395   84.8913
26  68  582.935   138.585
26  67  626.658   115.337
26  66  608.712   111.133
26  65  573.856   117.524
26  64  555.824   106.01
26  63  531.43   109.901
26  62  511.044   103.745
26  61  505.002   96.8271
26  60  486.423   93.4494
26  59  471.861   97.5262
26  58  454.259   94.4733
26  57  446.721   91.32
26  56  426.419   94.7536
26  55  416.376   90.4163
26  54  405.887   90.0508
26  53  394.061   88.2071
26  52  376.755   78.4337
26  51  381.311   78.5921
26  50  373.869   82.4052
26  49  370.63   84.9605
26  48  380.606   78.4635
26  47  363.593   83.1686
26  46  350.576   76.0817
26  45  345.561   76.7862
26  44  343.568   68.5705
26  43  344.308   68.665
26  42  330.817   73.4306
26  41  309.19   66.8953
26  40  254.304   69.2308
25  68  563.466   123.498
25  67  616.791   113.625
25  66  591.763   118.291
25  65  580.842   109.698
25  64  541.939   105.236
25  63  529.531   108.889
25  62  512.381   98.657
25  61  485.95   99.6171
25  60  473.52   92.8566
25  59  465.973   90.3879
25  58  452.564   90.633
25  57  429.736   88.1525
25  56  422.345   90.6716
25  55  411.572   86.787
25  54  395.792   82.7328
25  53  391.322   78.4527
25  52  379.937   85.077
25  51  377.282   77.676
25  50  369.952   77.2513
25  49  354.277   73.2245
25  48  357.741   72.9396
25  47  360.095   70.4432
25  46  348.644   73.7757
25  45  341.194   73.0792
25  44  348.005   71.3516
25  43  335.444   69.5994
25  42  320.685   65.0379
25  41  279.283   65.9092
24  68  573.514   130.116
24  67  614.831   110.386
24  66  592.252   114.338
24  65  575.846   103.058
24  64  550.002   102.672
24  63  528.173   100.364
24  62  515.455   105.458
24  61  495.221   105.306
24  60  478.872   98.944
24  59  469.872   93.1853
24  58  456.344   94.1908
24  57  439.912   94.4976
24  56  419.801   89.0253
24  55  407.083   85.182
24  54  397.865   83.576
24  53  388.476   90.6804
24  52  382.905   79.1287
24  51  374.589   74.5788
24  50  363.985   71.9731
24  49  369.229   77.139
24  48  360.997   86.7116
24  47  356.516   72.0819
24  46  346.972   71.0884
24  45  334.501   67.5537
24  44  335.735   79.12
24  43  309.24   65.729
24  42  250.187   76.1841
23  68  568.389   123.786
23  67  607.282   106.306
23  66  598.833   110.726
23  65  569.151   105.806
23  64  546.754   102.353
23  63  521.519   98.164
23  62  507.003   91.1154
23  61  488.516   83.8409
23  60  471.74   83.5924
23  59  460.537   87.5283
23  58  447.457   85.9092
23  57  429.783   81.822
23  56  420.365   82.5041
23  55  410.81   82.8246
23  54  402.82   79.6659
23  53  390.8   80.3479
23  52  375.1   72.0692
23  51  373.779   66.5834
23  50  368.571   72.7311
23  49  360.37   71.8957
23  48  359.554   66.0527
23  47  356.851   65.1601
23  46  352.461   68.3133
23  45  349.243   69.9617
23  44  323.049   62.1933
23  43  272.009   64.2884
22  68  571.405   143.331
22  67  617.627   114.286
22  66  601.346   106.641
22  65  579.731   107.607
22  64  553.946   108.617
22  63  543.841   110.576
22  62  516.323   97.834
22  61  502.448   101.527
22  60  487.154   90.2517
22  59  476.891   92.3805
22  58  455.565   90.5081
22  57  443.01   95.8771
22  56  431.336   87.478
22  55  422.957   83.4447
22  54  412.612   87.9004
22  53  400.024   78.2655
22  52  394.034   80.743
22  51  389.15   74.7499
22  50  372.568   73.357
22  49  373.999   77.0164
22  48  368.926   79.8737
22  47  357.582   73.1882
22  46  357.961   78.8954
22  45  322.011   80.2494
22  44  251.935   68.2658
21  68  560.484   140.354
21  67  615.711   119.616
21  66  595.312   111.653
21  65  564.406   111.063
21  64  545.715   111.364
21  63  517.953   106.648
21  62  504.993   106.42
21  61  489.877   104.401
21  60  468.58   104.086
21  59  459.17   96.0251
21  58  443.028   93.7153
21  57  430.298   98.6679
21  56  411.812   82.0721
21  55  404.622   91.1348
21  54  395.075   87.9027
21  53  387.323   86.2164
21  52  376.716   76.4894
21  51  369.474   78.0178
21  50  361.276   74.0132
21  49  357.231   80.6975
21  48  359.585   74.849
21  47  340.299   71.8973
21  46  312.884   65.6027
21  45  261.293   73.6255
20  68  579.773   142.156
20  67  628.318   122.352
20  66  581.47   106.964
20  65  563.472   104.456
20  64  536.773   104.798
20  63  514.884   97.7419
20  62  503.154   94.9855
20  61  491.945   96.8708
20  60  470.388   94.3104
20  59  453.966   94.5949
20  58  441.752   91.3886
20  57  426.966   91.213
20  56  414.364   86.6307
20  55  399.549   89.4233
20  54  395.463   77.1601
20  53  388.276   84.6109
20  52  368.349   76.5574
20  51  377.677   69.2731
20  50  365.31   68.5206
20  49  351.468   80.4556
20  48  340.281   75.5255
20  47  313.299   69.2282
20  46  249.702   69.094
19  68  569.377   130.468
19  67  618.299   111.452
19  66  602.938   105.137
19  65  575.212   103.66
19  64  564.12   98.3807
19  63  540.742   94.186
19  62  527.645   102.19
19  61  510.901   95.3022
19  60  500.766   99.4305
19  59  476.707   97.6018
19  58  464.236   90.388
19  57  447.533   91.0667
19  56  432.585   86.8519
19  55  424.241   90.4896
19  54  416.855   84.1081
19  53  401.526   81.7225
19  52  393.29   65.0787
19  51  390.498   76.1759
19  50  378.71   80.8758
19  49  358.372   84.4716
19  48  305.71   73.8808
19  47  245.369   79.8169
18  68  582.469   141.86
18  67  620.037   111.906
18  66  598.851   107.096
18  65  581.522   107.551
18  64  560.518   107.489
18  63  529.805   100.017
18  62  515.374   99.8454
18  61  493.662   97.7236
18  60  491.497   101.15
18  59  473.256   86.9478
18  58  457.248   95.7182
18  57  437.617   91.2501
18  56  427.572   89.2548
18  55  417.674   90.3077
18  54  398.824   80.8435
18  53  391.316   86.6218
18  52  370.901   75.5688
18  51  367.954   75.7259
18  50  348.324   68.1278
18  49  272.197   82.9554
18  48  208.916   95.5937
17  68  565.017   135.742
17  67  620.276   112.111
17  66  587.738   104.088
17  65  574.996   102.443
17  64  554.901   101.509
17  63  538.364   104.524
17  62  521.621   100.569
17  61  494.826   88.4169
17  60  487.028   92.3208
17  59  479.353   88.7678
17  58  464.018   82.3162
17  57  444.397   87.9863
17  56  434.765   85.4555
17  55  425.14   84.2448
17  54  413.552   81.2909
17  53  400.159   79.3894
17  52  396.752   72.3013
17  51  370.387   72.1654
17  50  309.176   74.5322
17  49  259.735   168.84
16  68  546.45   132.731
16  67  602.392   121.644
16  66  572.173   110.704
16  65  559.862   106.131
16  64  532.006   105.998
16  63  506.958   100.276
16  62  494.219   101.214
16  61  473.295   93.3636
16  60  461.163   89.2173
16  59  446.974   91.1406
16  58  427.996   89.2093
16  57  419.433   82.712
16  56  408.816   76.2694
16  55  398.748   76.1426
16  54  391.726   74.7221
16  53  375.315   69.364
16  52  351.15   65.4182
16  51  318.618   64.4438
15  68  564.627   133.052
15  67  615.048   118.202
15  66  596.407   110.489
15  65  574.24   106.522
15  64  556.258   103.762
15  63  534.797   104.059
15  62  518.521   96.4131
15  61  500.128   98.9511
15  60  484.514   93.1507
15  59  466.592   89.5303
15  58  459.304   89.0187
15  57  441.679   83.6401
15  56  427.524   80.8183
15  55  414.971   79.7266
15  54  401.914   77.0141
15  53  364.945   84.6446
15  52  289.436   68.2978
14  68  560.757   133.931
14  67  616.052   114.452
14  66  595.481   108.44
14  65  573.533   104.869
14  64  554.35   100.945
14  63  532.915   104.552
14  62  515.2   96.9753
14  61  496.156   98.7381
14  60  482.796   94.1022
14  59  470.452   88.1845
14  58  456.713   88.0928
14  57  441.299   85.8666
14  56  426.988   83.7018
14  55  412.666   81.1977
14  54  357.273   87.2151
14  53  278.05   75.9939
13  68  551.683   136.127
13  67  607.367   112.558
13  66  584.172   109.604
13  65  560.674   103.448
13  64  536.792   101.389
13  63  514.901   99.7204
13  62  497.885   97.8367
13  61  482.383   94.072
13  60  462.647   87.9328
13  59  450.819   84.4721
13  58  440.118   82.3638
13  57  425.019   77.7967
13  56  410.865   77.8994
13  55  358.41   81.6198
13  54  284.129   67.935
12  68  558.541   132.286
12  67  610.809   112.414
12  66  590.025   111.46
12  65  566.034   106.381
12  64  542.028   105.863
12  63  520.777   98.4338
12  62  500.012   98.4378
12  61  484.792   90.8256
12  60  464.026   86.8822
12  59  448.632   86.7936
12  58  431.863   83.2598
12  57  414.724   81.1474
12  56  343.711   90.5651
12  55  252.878   77.0506
11  68  564.666   137.531
11  67  615.529   118.713
11  66  595.967   108.674
11  65  570.316   111.705
11  64  548.325   108.151
11  63  531.246   99.2463
11  62  518.373   103.11
11  61  494.984   97.0244
11  60  474.742   91.5741
11  59  456.457   85.9579
11  58  437.087   87.8451
11  57  350.584   97.0122
11  56  231.758   95.7616
10  68  565.646   141.011
10  67  614.384   122.974
10  66  585.843   113.763
10  65  564.082   112.835
10  64  537.606   110.276
10  63  513.592   104.093
10  62  500.347   104.128
10  61  482.469   100.443
10  60  461.989   95.8117
10  59  436.091   94.0801
10  58  346.638   99.2068
9  68  563.461   135.134
9  67  614.651   119.957
9  66  597.935   119.782
9  65  576.778   114.404
9  64  552.908   110.311
9  63  540.015   106.238
9  62  521.741   106.191
9  61  496.941   100.225
9  60  466   99.4393
9  59  352.858   99.7929
8  68  557.354   143.021
8  67  607.236   122.848
8  66  589.675   121.479
8  65  561.689   109.948
8  64  541.273   111.695
8  63  517.611   106.783
8  62  488.518   105.912
8  61  453.672   100.961
8  60  332.399   107.551
7  68  552.264   135.671
7  67  609.631   121.347
7  66  576.562   108.567
7  65  555.276   104.093
7  64  535.584   103.592
7  63  517.245   98.2619
7  62  469.932   98.8824
7  61  374.605   93.4577
6  68  521.498   129.954
6  67  573.638   112.465
6  66  552.44   105.193
6  65  530.015   99.2616
6  64  507.014   98.4725
6  63  448.054   106.553
6  62  307.431   94.766
5  68  517.867   126.88
5  67  564.817   101.729
5  66  540.36   103.954
5  65  511.936   97.6993
5  64  448.52   117.439
5  63  316.917   100.765
4  68  503.27   122.664
4  67  557.785   105.247
4  66  535.093   98.9339
4  65  461.413   125.617
4  64  324.876   103.822
3  68  536.8   135.859
3  67  598.26   122.957
3  66  486.954   142.144
3  65  360.266   103.21
2  68  683.709   171.884
2  67  637.447   200
2  66  457.051   154.821
1  68  641.301   200
1  67  494.653   200
