0  0  0  0
0  0  0  0
3  46.5  1000  -0.00922246
4  45.5  1000  -0.00800188
5  43.5  958.378  -0.00750726
6  42.5  935.148  -0.00585008
7  40.5  838.036  -0.00498119
8  39.5  756.505  -0.00474117
9  39.5  789.024  -0.00373585
10  40.5  721.732  -0.00411436
11  42.5  793.159  -0.00366433
12  43.5  838.629  -0.00455625
13  45.5  806.604  -0.00419329
14  51.5  842.732  -0.00380752
15  48.5  834.128  -0.00379846
16  49  758.837  -0.00384798
17  50  780.383  -0.00352547
18  50  765.002  -0.00373929
19  50  726.182  -0.00351558
20  51  783.861  -0.00360176
21  51  760.22  -0.00364804
22  51  902.674  -0.00396786
23  51  803.277  -0.00373193
24  51  719.118  -0.00355349
25  51  712.407  -0.00335429
26  51  766.616  -0.00378182
27  52  793.259  -0.00376749
28  52  788.764  -0.00354204
29  52  791.064  -0.00373068
30  52  777.903  -0.00359577
31  52  737.075  -0.00345427
32  52  755.213  -0.00361509
33  52  735.026  -0.00322326
34  53  768.593  -0.00309413
35  53  770.772  -0.00348268
36  53  752.286  -0.00293628
37  53  793.8  -0.0034456
38  53  736.956  -0.00341162
39  53  723.124  -0.00325368
40  54  792.011  -0.00299207
41  54  775.148  -0.00318972
42  54  735.008  -0.00301246
43  54  724.287  -0.00286811
44  54  748.48  -0.00334122
45  54  775.551  -0.00342648
46  54  703.682  -0.00322338
47  55  717.977  -0.00339115
48  55  759.338  -0.0030653
49  55  713.071  -0.00306156
50  55  740.911  -0.00306484
51  55  756.138  -0.00312051
52  55  733.703  -0.00308894
53  56  752.183  -0.00311404
54  56  717.65  -0.00323085
55  56  744.067  -0.00322786
56  56  759.8  -0.00267984
57  56  744.032  -0.00289796
58  56  756.199  -0.00294191
59  56  710.477  -0.00306679
60  57  721.964  -0.00288718
61  57  714.67  -0.00320448
62  57  580.433  -0.00244831
