1    0    0    0
0    650.001    0    0
0    650    -0.009    0
0    649.992    -0.00799083    0.00666936
0    650    -0.00599237    0.000231972
0    649.998    -0.00536645    0.000192072
0    527.963    -0.00632136    122.035
0    497.961    -0.00580831    152.039
0    349.126    -0.00812631    300.871
0    649.987    -0.00366887    0.0109949
0    347.222    -0.009    302.778
0    341.174    -0.009    308.827
0    364.767    -0.00822804    285.234
0    404.914    -0.00563658    245.085
0    460.934    -0.00482462    189.067
0    596.33    -0.00367589    53.672
0    624.477    -0.00349026    25.5226
0    561.483    -0.00443274    88.5176
0    551.983    -0.003902    98.0165
0    641.695    -0.0032101    8.30445
0    492.546    -0.00447292    157.454
0    526.001    -0.00461912    123.997
0    474.213    -0.00521818    175.787
0    533.839    -0.00463888    116.161
0    482.502    -0.00556417    167.502
0    538.484    -0.00428541    111.516
0    568.832    -0.00389471    81.1675
0    557.509    -0.00375523    92.4909
0    442.973    -0.00524327    207.03
0    441.474    -0.00671245    208.526
0    469.714    -0.00572542    180.289
0    605.254    -0.00373162    44.7452
0    498.001    -0.00507124    152
0    474.591    -0.00486702    175.408
0    491.996    -0.00513245    158.006
0    513.405    -0.00502705    136.598
0    450.622    -0.00607392    199.379
0    449.379    -0.0050228    200.618
0    457.134    -0.00601506    192.865
0    479.686    -0.00477956    170.314
0    482.535    -0.00524651    167.463
0    474.393    -0.00488761    175.609
0    459.587    -0.00508586    190.413
0    504.985    -0.00448463    145.015
0    479.043    -0.00507569    170.957
0    485.03    -0.00523116    164.97
0    463.519    -0.00580776    186.482
0    472.002    -0.00501276    177.997
0    491.116    -0.00481024    158.884
0    485.734    -0.00494896    164.266
0    469.391    -0.0051035    180.611
0    474.825    -0.00509991    175.175
0    462.605    -0.00533883    187.395
0    426.041    -0.00604652    223.959
0    482.449    -0.00550372    167.55
0    511.06    -0.00514643    138.941
0    476.197    -0.0052129    173.804
0    497.777    -0.0052452    152.223
0    485.099    -0.00525691    164.901
0    469.615    -0.00546957    180.385
0    469.437    -0.0057299    180.563
0    356.426    -0.0069595    293.574
