62  68  569.795   164.162
62  67  622.025   162.327
62  66  597.893   140.247
62  65  570.553   134.351
62  64  554.832   134.372
62  63  542.324   125.474
62  62  525.817   114.617
62  61  530.42   120.381
62  60  502.448   103.815
62  59  486.724   101.214
62  58  485.939   103.573
62  57  457.738   103.403
62  56  442.876   98.6652
62  55  448.744   98.8504
62  54  428.912   93.5926
62  53  418.779   88.0763
62  52  408.99   81.6223
62  51  409.13   89.3866
62  50  402.788   84.6122
62  49  391.799   84.1189
62  48  398.362   82.6967
62  47  389.423   85.0662
62  46  408.898   89.0009
62  45  396.614   87.4185
62  44  391.274   78.4249
62  43  388.144   76.931
62  42  387.362   72.6614
62  41  376.701   68.6583
62  40  374.184   71.3843
62  39  363.075   70.198
62  38  371.535   69.6878
62  37  377.469   81.4686
62  36  367.369   75.4445
62  35  358.134   73.3458
62  34  363.998   65.454
62  33  359.84   64.9564
62  32  353.724   63.2696
62  31  364.565   64.508
62  30  352.338   65.6482
62  29  358.768   60.7773
62  28  334.113   55.5502
62  27  329.687   59.016
62  26  335.656   69.5091
62  25  337.496   59.2654
62  24  354.843   66.3119
62  23  341.433   64.993
62  22  346.225   55.3301
62  21  335.962   51.066
62  20  332.487   52.125
62  19  342.973   55.8129
62  18  330.181   50.162
62  17  327.138   52.862
62  16  326.483   55.0885
62  15  330.685   55.3974
62  14  329.184   61.2786
62  13  329.843   59.719
62  12  339.372   54.5948
62  11  331.541   53.4197
62  10  336.497   50.4247
62  9  325.14   56.022
62  8  329.097   48.9085
62  7  319.771   44.6574
62  6  328.167   49.6385
62  5  315.901   43.2464
62  4  313.494   55.5775
62  3  307.719   62.8784
62  2  312.277   60.7662
62  1  332.203   106.099
61  68  488.666   160.026
61  67  610.417   131.041
61  66  598.845   129.568
61  65  574.671   128.219
61  64  553.928   126.402
61  63  529.351   122.532
61  62  508.174   119.887
61  61  482.915   108.308
61  60  453.596   106.623
61  59  442.947   107.783
61  58  428.144   99.6615
61  57  413.359   109.933
61  56  400.952   99.6553
61  55  395.251   95.8583
61  54  383.192   94.6879
61  53  372.86   90.7742
61  52  365.334   81.1189
61  51  352.86   81.004
61  50  359.685   83.3781
61  49  329.616   75.625
61  48  343.655   85.3293
61  47  336.516   85.1016
61  46  331.127   74.8103
61  45  323.797   70.5248
61  44  323.765   75.8074
61  43  325.002   75.5749
61  42  322.73   67.1241
61  41  324.441   74.924
61  40  314.52   79.4606
61  39  310.353   73.344
61  38  297.304   65.4882
61  37  292.074   82.6102
61  36  296.708   70.9727
61  35  287.32   68.1427
61  34  290.954   66.9659
61  33  285.826   65.3724
61  32  288.035   62.4183
61  31  285.223   59.8477
61  30  279.515   62.8419
61  29  276.414   61.4812
61  28  275.812   53.8351
61  27  275.302   59.1969
61  26  266.34   55.3297
61  25  265.45   59.0769
61  24  258.081   58.1517
61  23  259.044   55.3038
61  22  255.998   55.6
61  21  257.963   53.9359
61  20  254.806   51.5636
61  19  247.003   50.2941
61  18  254.158   46.7382
61  17  240.185   50.661
61  16  244.577   52.8708
61  15  237.006   52.4924
61  14  246.632   48.1459
61  13  239.173   47.7161
61  12  240.788   46.9838
61  11  237.254   44.2057
61  10  233.447   47.9473
61  9  233.186   45.4982
61  8  230.019   41.9261
61  7  232.521   42.4335
61  6  230.468   47.0421
61  5  223.003   40.6155
61  4  223.526   44.5452
61  3  218.575   43.4901
61  2  216.724   40.7029
61  1  187.542   73.8369
60  68  553.899   151.097
60  67  609.25   121.588
60  66  589.263   115.96
60  65  564.249   121.474
60  64  543.399   119.679
60  63  526.201   110.015
60  62  511.498   113.05
60  61  494.186   106.616
60  60  472.089   102.021
60  59  460.131   96.366
60  58  447.796   100.552
60  57  433.913   97.4242
60  56  410.47   88.8287
60  55  403.265   93.4475
60  54  389.355   93.6174
60  53  379.954   89.046
60  52  369.644   74.9761
60  51  370.102   86.4874
60  50  363.476   79.9166
60  49  356.708   73.3531
60  48  346.026   78.751
60  47  339.727   80.4149
60  46  340.711   82.2023
60  45  338.536   80.9183
60  44  334.851   80.1477
60  43  331.212   69.7452
60  42  326.569   73.9579
60  41  317.086   70.9689
60  40  319.339   71.4294
60  39  310.197   64.3746
60  38  306.018   71.8097
60  37  305.979   65.4049
60  36  298.511   68.0539
60  35  294.76   68.067
60  34  295.211   63.7664
60  33  287.24   61.0129
60  32  285.499   63.2749
60  31  289.053   57.6726
60  30  289.859   58.4401
60  29  288.468   59.8019
60  28  294.473   61.4986
60  27  277.178   57.1965
60  26  275.266   62.4409
60  25  268.743   63.5455
60  24  264.351   57.1728
60  23  259.373   56.2489
60  22  261.469   53.4485
60  21  260.627   55.244
60  20  261.776   54.984
60  19  261.162   51.2558
60  18  257.703   54.8994
60  17  252.829   47.0505
60  16  256.786   50.6899
60  15  248.697   49.6909
60  14  251.593   47.4023
60  13  241.558   43.8892
60  12  242.525   45.1975
60  11  237.695   45.4443
60  10  236.054   46.5833
60  9  235.316   44.8702
60  8  236.788   44.9106
60  7  238.751   43.0028
60  6  235.389   45.0348
60  5  230.879   39.0813
60  4  231.908   43.2292
60  3  229.049   44.0654
60  2  224.521   80.6381
59  68  502.287   162.67
59  67  624.248   138.995
59  66  594.726   129.695
59  65  580.123   126.068
59  64  553.084   126.07
59  63  529.642   113.211
59  62  508.617   120.813
59  61  491.126   115.156
59  60  468.311   111.176
59  59  452.709   101.357
59  58  439.547   109.866
59  57  427.293   106.834
59  56  410.409   100.277
59  55  406.543   98.1088
59  54  397.181   96.7375
59  53  379.788   93.5426
59  52  367.51   96.5334
59  51  359.757   88.0825
59  50  350.351   81.3349
59  49  361.826   90.9637
59  48  345.561   90.8589
59  47  335.115   88.5123
59  46  343.153   79.8499
59  45  333.354   74.5334
59  44  331.042   80.8255
59  43  326.337   82.7571
59  42  316.643   79.1311
59  41  316.963   76.7025
59  40  318.985   76.4615
59  39  301.173   69.2739
59  38  304.694   71.9404
59  37  305.518   75.6948
59  36  296.325   73.4277
59  35  298.675   72.0029
59  34  297.794   65.1058
59  33  288.646   68.6729
59  32  289.506   73.3047
59  31  284.506   66.968
59  30  279.978   68.988
59  29  282.217   70.0401
59  28  276.016   70.8256
59  27  272.09   65.6324
59  26  262.579   57.2634
59  25  265.739   67.3592
59  24  265.189   64.3712
59  23  263.807   59.821
59  22  257.056   62.2429
59  21  258.982   60.1392
59  20  253.736   63.8107
59  19  255.624   58.1118
59  18  251.061   54.6634
59  17  251.297   57.2957
59  16  240.069   57.4178
59  15  241.245   56.9687
59  14  233.944   51.649
59  13  241.051   55.4934
59  12  230.902   55.7682
59  11  239.586   55.3016
59  10  234.319   50.8244
59  9  232.418   51.9962
59  8  226.496   53.1751
59  7  216.259   49.7375
59  6  225.739   51.1725
59  5  218.363   46.9452
59  4  219.856   51.4584
59  3  229.503   200
58  68  567.827   151.828
58  67  613.413   133.723
58  66  589.587   124.849
58  65  562.624   120.668
58  64  538.669   114.362
58  63  521.646   115.842
58  62  510.675   112.426
58  61  488.155   113.856
58  60  475.706   108.243
58  59  457.15   102.553
58  58  446.347   105.902
58  57  430.877   96.8579
58  56  410.324   95.9941
58  55  394.363   92.8349
58  54  388.364   91.2512
58  53  374.578   89.513
58  52  362.957   80.3209
58  51  363.66   80.1424
58  50  347.973   81.5121
58  49  349.61   81.327
58  48  335.655   95.4519
58  47  342.003   85.5412
58  46  333.877   87.5156
58  45  317.906   65.4296
58  44  332.479   80.8876
58  43  315.551   78.4355
58  42  315.297   77.6103
58  41  307.632   70.8421
58  40  306.167   69.4999
58  39  302.333   70.4942
58  38  289.404   72.2404
58  37  289.92   72.1531
58  36  297.014   62.5374
58  35  288.462   76.2686
58  34  289.287   65.4413
58  33  276.719   66.0312
58  32  276.286   62.052
58  31  280.658   70.6733
58  30  275.728   63.5801
58  29  259.223   53.3445
58  28  266.146   62.2561
58  27  262.858   62.5373
58  26  261.549   66.0889
58  25  257.149   64.8159
58  24  251.874   60.5417
58  23  250.563   56.7839
58  22  250.036   63.9693
58  21  242.017   53.9785
58  20  246.55   58.0174
58  19  247.679   51.9508
58  18  237.341   55.1446
58  17  229.363   57.1328
58  16  233.683   55.8303
58  15  228.664   52.2526
58  14  232.333   52.4055
58  13  224.159   54.2753
58  12  225.349   51.6561
58  11  224.606   51.7317
58  10  220.571   50.5749
58  9  220.632   48.2073
58  8  223.424   47.8745
58  7  218.058   49.5157
58  6  210.083   50.0868
58  5  198.415   45.5661
57  68  518.387   145.165
57  67  603.796   122.271
57  66  594.205   126.973
57  65  575.09   120.637
57  64  557.072   117.749
57  63  536.124   112.83
57  62  515.815   116.127
57  61  496.311   110.857
57  60  469.263   113.61
57  59  460.036   108.635
57  58  441.731   103.503
57  57  434.789   97.7253
57  56  426.877   99.6095
57  55  409.079   95.5679
57  54  390.304   97.2932
57  53  383.836   92.5193
57  52  384.054   87.1727
57  51  376.608   86.8113
57  50  370.361   90.6546
57  49  356.951   83.1824
57  48  350.6   85.9763
57  47  341.962   83.7738
57  46  337.288   83.3027
57  45  343.142   80.5326
57  44  343.561   78.7052
57  43  335.607   78.4748
57  42  327.579   77.0105
57  41  322.63   72.8668
57  40  315.599   64.6525
57  39  312.962   74.6673
57  38  313.022   73.9898
57  37  304.709   65.6397
57  36  305.715   69.6565
57  35  302.087   68.7838
57  34  296.778   71.8181
57  33  298.593   69.4365
57  32  299.126   65.0178
57  31  288.554   61.512
57  30  291.562   66.2771
57  29  291.117   61.554
57  28  281.49   65.5302
57  27  276.712   58.8713
57  26  278.342   65.0155
57  25  271.026   59.6266
57  24  274.653   62.1371
57  23  269.491   63.5905
57  22  267.73   57.9864
57  21  264.71   59.9955
57  20  267.263   60.9168
57  19  259.816   53.4603
57  18  264.865   59.1841
57  17  256.992   55.8875
57  16  252.704   54.6909
57  15  245.851   55.5155
57  14  242.473   53.3292
57  13  240.365   52.5957
57  12  242.92   53.6798
57  11  237.901   50.104
57  10  239.401   50.5399
57  9  242.442   51.5425
57  8  241.653   51.949
57  7  229.96   47.0643
57  6  219.478   48.699
56  68  570.396   150.58
56  67  624.255   135.093
56  66  589.97   136.9
56  65  569.242   134.305
56  64  556.968   129.621
56  63  519.707   122.471
56  62  502.541   118.026
56  61  485.027   117.624
56  60  469   113.317
56  59  455.779   111.196
56  58  439.523   108.933
56  57  420.001   106.153
56  56  407.463   102.494
56  55  392.907   93.1259
56  54  381.261   101.017
56  53  372.127   94.7434
56  52  364.413   86.8199
56  51  357.252   90.2396
56  50  351.653   85.2432
56  49  340.442   91.7406
56  48  331.863   91.9089
56  47  331.573   89.6933
56  46  329.989   87.5351
56  45  322.508   80.9794
56  44  315.994   81.6543
56  43  310.317   80.1291
56  42  308.94   80.3509
56  41  308.649   74.3108
56  40  299.653   73.7713
56  39  288.981   80.4527
56  38  281.183   74.9789
56  37  293.106   80.0924
56  36  279.598   78.7184
56  35  279.387   77.929
56  34  278.064   79.3624
56  33  282.552   72.4784
56  32  277.25   69.6202
56  31  275.782   71.9421
56  30  264.089   69.4431
56  29  261.671   67.071
56  28  267.478   71.3702
56  27  260.173   69.8267
56  26  241.942   64.0046
56  25  259.62   68.2632
56  24  250.252   57.9788
56  23  240.442   62.7641
56  22  237.327   66.9508
56  21  244.139   63.5315
56  20  236.47   57.5676
56  19  231.357   54.8534
56  18  227.598   56.7525
56  17  228.531   57.2629
56  16  222.443   59.7107
56  15  225.04   59.4407
56  14  221.18   57.54
56  13  217.477   49.921
56  12  218.298   57.5782
56  11  212.284   54.3294
56  10  217.639   59.3456
56  9  210.812   52.3952
56  8  205.758   48.9493
56  7  176.078   50.1872
55  68  529.87   155.964
55  67  632.898   134.701
55  66  608.433   122.969
55  65  579.679   123.67
55  64  546.479   117.955
55  63  522.89   117.125
55  62  507.611   118.081
55  61  481.267   115.242
55  60  460.215   111.488
55  59  445.266   110.987
55  58  435.214   102.28
55  57  421.149   103.935
55  56  404.198   100.903
55  55  398.81   96.978
55  54  382.067   93.2054
55  53  375.146   88.6725
55  52  370.966   89.353
55  51  363.921   83.4464
55  50  355.633   95.9359
55  49  342.712   82.5312
55  48  339.633   86.727
55  47  333.476   88.1382
55  46  333.581   87.1741
55  45  333.559   77.9049
55  44  318.734   81.1265
55  43  314.973   73.3759
55  42  321.982   73.2351
55  41  314.872   77.3165
55  40  316.074   75.9397
55  39  313.262   73.9528
55  38  296.367   71.1274
55  37  307.941   71.5767
55  36  286.873   74.7834
55  35  286.763   68.1446
55  34  295.917   71.0801
55  33  296.126   75.8278
55  32  289.355   62.1569
55  31  282.421   71.8668
55  30  277.577   64.7594
55  29  270.652   66.3557
55  28  276.448   64.9658
55  27  261.181   66.8115
55  26  264.516   63.0965
55  25  256.626   63.7133
55  24  262.903   56.7177
55  23  254.028   60.0324
55  22  255.667   58.4104
55  21  252.176   60.2818
55  20  250.681   59.1505
55  19  247.321   59.0557
55  18  246.497   55.7119
55  17  238.232   47.9944
55  16  239.723   47.9868
55  15  242.115   57.7109
55  14  235.462   55.688
55  13  232.984   54.7358
55  12  233.556   54.0747
55  11  231.53   55.5994
55  10  221.32   45.7066
55  9  222.739   49.707
55  8  212.97   51.5157
54  68  578.37   138.127
54  67  624.333   130.84
54  66  601.938   114.343
54  65  574.411   117.388
54  64  548.058   113.475
54  63  531.901   110.257
54  62  508.578   101.67
54  61  492.952   101.635
54  60  481.898   101.637
54  59  463.409   94.1377
54  58  452.265   96.3423
54  57  435.453   89.2217
54  56  418.911   82.5262
54  55  410.911   89.3727
54  54  396.802   84.2146
54  53  388.168   80.937
54  52  390.663   86.8783
54  51  376.553   73.0447
54  50  366.944   70.9625
54  49  368.829   68.6885
54  48  367.298   76.0342
54  47  362.5   70.4859
54  46  352.15   71.4795
54  45  346.766   66.9364
54  44  346.723   70.8671
54  43  356.082   69.2845
54  42  342.485   66.947
54  41  337.629   62.2606
54  40  336.208   66.3525
54  39  338.482   61.1273
54  38  326.413   63.3519
54  37  323.954   65.8046
54  36  325.38   64.8388
54  35  311.619   53.4445
54  34  312.51   62.3953
54  33  318.084   60.7142
54  32  312.92   61.4374
54  31  308.884   55.9614
54  30  305.309   54.837
54  29  316.722   55.2856
54  28  304.562   54.871
54  27  299.404   50.2566
54  26  303.081   56.2017
54  25  295.465   53.4995
54  24  287.644   47.8483
54  23  295.105   54.5896
54  22  289.472   52.4208
54  21  285.143   44.6296
54  20  279.724   47.9666
54  19  283.941   48.8213
54  18  279.079   47.8127
54  17  276.539   41.288
54  16  282.014   47.525
54  15  275.548   43.0823
54  14  271.527   49.1229
54  13  274.2   50.4813
54  12  270.597   49.9853
54  11  271.717   45.9331
54  10  265.452   44.702
54  9  274.862   77.4741
53  68  532.625   141.328
53  67  621.223   123.931
53  66  605.857   124.345
53  65  585.09   117.88
53  64  559.678   110.874
53  63  538.074   111.833
53  62  516.192   108.882
53  61  488.67   108.719
53  60  484.163   105.288
53  59  459.876   100.646
53  58  443.512   102.548
53  57  432.865   96.6631
53  56  419.027   97.0942
53  55  401.949   91.1654
53  54  394.506   83.4297
53  53  378.536   83.0082
53  52  381.684   73.1309
53  51  374.846   83.2619
53  50  368.52   85.2586
53  49  365.384   78.5173
53  48  368.016   76.1412
53  47  358.88   85.0779
53  46  344.809   77.5195
53  45  346.699   82.3562
53  44  340.486   74.3644
53  43  336.43   72.5832
53  42  336.948   72.967
53  41  334.851   69.3968
53  40  338.462   77.1051
53  39  327.558   75.2941
53  38  325.132   60.7402
53  37  312.142   76.4432
53  36  314.352   74.3951
53  35  306.925   59.5029
53  34  304.645   60.5586
53  33  303.772   66.1984
53  32  305.831   66.9979
53  31  298.731   60.2456
53  30  296.74   66.9836
53  29  295.796   62.7633
53  28  293.026   62.7936
53  27  295.962   62.4322
53  26  285.743   64.0367
53  25  282.196   64.6628
53  24  279.358   61.8183
53  23  279.425   59.7508
53  22  279.523   55.8762
53  21  270.357   55.6152
53  20  270.092   55.7384
53  19  265.686   54.003
53  18  266.222   51.6347
53  17  256.782   51.0971
53  16  261.797   53.3581
53  15  262   55.4519
53  14  248.04   55.1392
53  13  254.277   50.4207
53  12  249.432   54.6552
53  11  242.334   49.9638
53  10  220.925   56.5328
52  68  583.282   147.321
52  67  632.259   128.539
52  66  601.68   130.633
52  65  570.285   120.339
52  64  557.071   122.534
52  63  526.348   114.955
52  62  514.234   112.827
52  61  503.951   107.73
52  60  487.959   108.576
52  59  470.387   107.838
52  58  454.189   101.892
52  57  434.822   92.8572
52  56  417.672   96.1404
52  55  408.927   98.7001
52  54  394.321   91.3478
52  53  384.848   93.0821
52  52  371.032   71.8947
52  51  366.061   84.6787
52  50  369.385   76.7697
52  49  366.372   80.3417
52  48  350.954   80.772
52  47  359.11   83.97
52  46  351.005   78.7553
52  45  344.41   82.7127
52  44  347.356   77.9903
52  43  344.41   78.3955
52  42  339.013   71.313
52  41  335.083   74.7624
52  40  326.837   76.665
52  39  325.904   69.326
52  38  317.921   75.0679
52  37  311.396   77.0374
52  36  304.464   68.8379
52  35  306.651   72.6276
52  34  305.792   69.9637
52  33  305.187   69.7164
52  32  301.187   65.6923
52  31  294.84   66.6798
52  30  303.751   58.0177
52  29  290.389   64.6155
52  28  284.96   61.7996
52  27  286.706   64.5718
52  26  284.939   59.1155
52  25  272.882   58.9886
52  24  274.957   63.0508
52  23  271.509   59.4077
52  22  276.746   59.9658
52  21  277.79   57.9384
52  20  270.329   56.4545
52  19  261.867   55.568
52  18  262.299   59.5401
52  17  256.751   52.09
52  16  254.568   54.6639
52  15  241.445   56.2588
52  14  247.714   54.8959
52  13  244.058   54.2081
52  12  244.165   51.8952
52  11  234.296   52.1695
51  68  534.646   145.233
51  67  631.91   127.937
51  66  604.645   125.368
51  65  576.908   112.968
51  64  553.765   103.432
51  63  536.052   99.145
51  62  510.095   101.325
51  61  494.241   103.371
51  60  476.468   100.317
51  59  462.911   100.735
51  58  452.034   92.2669
51  57  437.067   92.9141
51  56  422.4   91.4754
51  55  408.539   84.3689
51  54  402.736   83.8563
51  53  390.084   83.2491
51  52  376.636   71.6415
51  51  380.343   80.4127
51  50  368.999   77.2459
51  49  368.795   84.9547
51  48  369.69   85.9944
51  47  347.566   66.8226
51  46  351.091   68.3793
51  45  346.542   70.1214
51  44  346.685   73.3148
51  43  343.768   74.0355
51  42  346.597   73.6995
51  41  342.811   71.8092
51  40  328.907   72.9079
51  39  329.792   76.5422
51  38  320.31   65.5387
51  37  316.334   68.1035
51  36  313.833   64.8923
51  35  312.312   61.8884
51  34  305.022   67.9937
51  33  309.577   67.6722
51  32  303.58   61.938
51  31  298.616   64.3252
51  30  300.702   62.6608
51  29  298.488   60.7075
51  28  289.543   63.1622
51  27  294.981   54.4482
51  26  283.482   58.4727
51  25  281.92   61.4739
51  24  280.173   60.7548
51  23  275.161   60.6957
51  22  272.822   55.4122
51  21  273.579   55.9506
51  20  260.761   58.6884
51  19  269.238   58.297
51  18  267.847   54.4148
51  17  260.529   51.088
51  16  258.446   57.317
51  15  254.466   51.7533
51  14  245.574   50.2936
51  13  237.496   52.7255
51  12  221.261   81.2057
50  68  565.233   145.098
50  67  617.025   120.882
50  66  587.372   126.695
50  65  576.331   131.71
50  64  552.69   126.591
50  63  537.053   119.311
50  62  513.353   120.391
50  61  498.287   112.17
50  60  494.052   106.746
50  59  468.351   112.063
50  58  455.093   106.136
50  57  432.018   107.433
50  56  417.705   95.2562
50  55  406.447   102.145
50  54  401.123   96.3153
50  53  389.184   91.1541
50  52  379.4   91.8266
50  51  377.314   88.2262
50  50  380.146   86.6323
50  49  361.298   94.6757
50  48  359.749   89.2646
50  47  346.481   87.6354
50  46  345.787   85.2358
50  45  335.09   83.3056
50  44  336.445   82.8489
50  43  334.064   82.1566
50  42  339.862   82.8599
50  41  337.148   74.9236
50  40  325.555   69.5977
50  39  322.999   80.233
50  38  310.689   69.3051
50  37  314.982   72.1619
50  36  294.902   74.5681
50  35  304.691   80.2974
50  34  301.513   72.7521
50  33  297.638   71.5184
50  32  300.153   70.8117
50  31  296.437   68.0487
50  30  293.929   65.6094
50  29  292.031   70.8093
50  28  289.92   62.506
50  27  282.875   65.9364
50  26  280.119   67.6576
50  25  270.634   68.5253
50  24  267.041   67.0274
50  23  262.118   67.2583
50  22  273.16   67.2294
50  21  262.512   60.0738
50  20  266.106   62.3864
50  19  258.975   58.4522
50  18  253.509   53.9745
50  17  250.876   56.526
50  16  250.833   57.7858
50  15  245.783   57.4816
50  14  232.44   56.3414
50  13  200.163   96.8088
49  68  532.264   149.018
49  67  627.951   123.923
49  66  608.451   119.488
49  65  580.999   116.537
49  64  555.784   112.563
49  63  532.771   106.117
49  62  520.749   106.913
49  61  495.506   105.906
49  60  483.186   109.646
49  59  468.864   97.699
49  58  449.525   96.7701
49  57  435.185   96.3955
49  56  411.09   94.9183
49  55  404.266   90.5278
49  54  408.279   89.8779
49  53  389.674   88.6322
49  52  386.161   91.3561
49  51  378.13   81.0956
49  50  365.958   84.0661
49  49  356.516   83.8206
49  48  360.817   81.1326
49  47  356.819   90.407
49  46  351.62   79.5388
49  45  346.333   72.2613
49  44  337.539   76.0083
49  43  343.821   72.8324
49  42  329.558   70.6316
49  41  334.169   72.9337
49  40  329.879   75.3381
49  39  326.23   76.3096
49  38  324.392   82.2868
49  37  310.033   71.8179
49  36  304.815   79.0925
49  35  306.475   71.28
49  34  307.683   70.7378
49  33  304.67   65.5872
49  32  299.815   63.9477
49  31  301.217   73.3443
49  30  295.562   66.6725
49  29  296.131   66.2517
49  28  282.247   65.5014
49  27  279.402   66.394
49  26  278.614   65.4367
49  25  276.04   66.6564
49  24  275.133   64.1801
49  23  262.491   56.7491
49  22  274.06   68.599
49  21  262.309   66.79
49  20  264.453   63.0891
49  19  256.609   56.9919
49  18  252.32   58.6069
49  17  247.192   59.5958
49  16  241.919   61.5201
49  15  225.206   54.5879
49  14  232.037   149.754
48  68  575.941   140.91
48  67  628.536   123.475
48  66  595.269   115.865
48  65  578.593   107.397
48  64  551.276   107.655
48  63  532.284   108.54
48  62  517.413   105.53
48  61  496.849   98.7097
48  60  492.672   102.782
48  59  465.88   93.9573
48  58  449.019   93.1629
48  57  436.031   88.5021
48  56  423.728   87.1085
48  55  414.878   83.8137
48  54  407.653   81.1401
48  53  397.379   83.8705
48  52  381.204   80.2495
48  51  386.233   79.6178
48  50  365.957   78.9911
48  49  369.944   84.7308
48  48  356.554   76.9572
48  47  359.975   80.8737
48  46  349.793   70.7021
48  45  347.034   70.6273
48  44  352.996   70.8086
48  43  343.199   73.8434
48  42  338.343   68.7349
48  41  348.875   73.802
48  40  337.341   68.2307
48  39  328.257   69.7228
48  38  324.093   61.4555
48  37  323.491   67.9265
48  36  314.7   66.3564
48  35  307.553   59.732
48  34  311.078   66.1693
48  33  309.041   61.2567
48  32  305.927   69.0907
48  31  299.226   60.3018
48  30  297.022   58.3619
48  29  291.432   60.9308
48  28  290.74   55.4806
48  27  288.704   59.2097
48  26  286.605   62.5327
48  25  286.463   60.7988
48  24  280.284   57.3074
48  23  282.54   57.6044
48  22  269.834   58.1269
48  21  272.477   56.9416
48  20  267.616   51.3958
48  19  265.367   50.7947
48  18  262.658   46.9909
48  17  248.505   49.3379
48  16  232.313   50.9539
47  68  521.435   144.952
47  67  618.6   125.049
47  66  596.439   120.079
47  65  571.991   112.919
47  64  545.062   113.97
47  63  528.463   109.587
47  62  501.448   102.008
47  61  482.342   106.655
47  60  463.022   101.728
47  59  458.611   95.4934
47  58  435.269   97.2199
47  57  415.35   97.3886
47  56  401.305   86.1392
47  55  391.282   83.3071
47  54  382.132   85.8203
47  53  371.506   82.2528
47  52  361.928   78.5286
47  51  366.137   83.4937
47  50  356.58   80.4806
47  49  351.833   85.3455
47  48  345.987   79.2172
47  47  342.339   76.4221
47  46  336.547   69.7206
47  45  337.52   82.1871
47  44  331.043   73.3113
47  43  329.836   70.1115
47  42  322.686   71.3607
47  41  317.772   70.3483
47  40  315.18   60.4729
47  39  307.823   69.663
47  38  312.745   70.3443
47  37  299.381   65.9803
47  36  296.478   70.3164
47  35  288.696   64.0359
47  34  292.055   61.6103
47  33  283.663   62.8108
47  32  286.927   57.8328
47  31  287.088   63.8252
47  30  284.881   56.4029
47  29  279.068   62.342
47  28  282.103   56.4499
47  27  275.544   54.7719
47  26  270.504   55.8754
47  25  262.541   50.5638
47  24  265.883   58.1868
47  23  270.676   57.5363
47  22  258.041   54.5802
47  21  257.762   53.1948
47  20  254.195   51.1514
47  19  249.125   51.9668
47  18  247.346   48.0896
47  17  234.62   48.9907
46  68  576.362   146.326
46  67  627.662   130.546
46  66  599.552   114.393
46  65  567.861   121.192
46  64  552.742   119.75
46  63  528.817   110.207
46  62  518.311   105.372
46  61  490.634   102.2
46  60  470.489   102.456
46  59  454.655   97.6998
46  58  442.637   92.0751
46  57  428.283   90.4526
46  56  410.538   93.4395
46  55  397.88   95.937
46  54  389.612   88.7282
46  53  376.365   87.7504
46  52  365.83   84.4243
46  51  368.935   82.4623
46  50  359.518   81.5836
46  49  354.206   85.6833
46  48  351.857   83.7658
46  47  340.572   84.8788
46  46  334.971   79.7962
46  45  332.37   73.8923
46  44  332.27   66.8001
46  43  326.76   79.3936
46  42  331.092   76.9092
46  41  329.949   74.9483
46  40  323.549   73.5635
46  39  313.408   72.2009
46  38  300.981   74.2124
46  37  302.707   68.4926
46  36  294.239   72.5613
46  35  298.702   73.465
46  34  300.648   67.6728
46  33  293.826   68.3144
46  32  293.781   66.8482
46  31  292.278   64.8262
46  30  276.474   64.9754
46  29  279.198   71.8671
46  28  280.613   66.9025
46  27  269.755   57.2814
46  26  264.234   63.9322
46  25  263.988   62.6863
46  24  267.857   61.5069
46  23  257.363   64.3994
46  22  259.152   66.8818
46  21  249.376   60.4266
46  20  253.177   59.6395
46  19  240.011   52.6431
46  18  227.018   57.2393
45  68  533.058   140.564
45  67  628.406   128.631
45  66  605.129   126.283
45  65  583.779   116.126
45  64  556.674   110.636
45  63  528.587   109.256
45  62  513.765   108.016
45  61  496.206   108.268
45  60  473.784   104.819
45  59  462.439   94.8844
45  58  454.456   93.2611
45  57  433.296   98.3049
45  56  420.594   93.0095
45  55  411.7   90.6782
45  54  397.414   90.4681
45  53  386.127   91.4123
45  52  381.712   80.1669
45  51  370.941   76.2138
45  50  367.773   76.8433
45  49  362.745   75.1631
45  48  367.79   81.5605
45  47  356.587   79.8216
45  46  341.896   86.2584
45  45  341.997   80.6271
45  44  347.953   73.5852
45  43  338.653   74.7094
45  42  332.592   69.5183
45  41  333.383   73.8117
45  40  323.951   66.5164
45  39  328.174   66.3813
45  38  321.353   65.9217
45  37  311.102   64.9178
45  36  318.007   75.1451
45  35  312.684   68.8994
45  34  308.599   66.3176
45  33  302.663   59.4875
45  32  296.572   63.9741
45  31  288.053   60.9799
45  30  288.649   59.6493
45  29  290.732   58.1639
45  28  286.663   58.516
45  27  286.457   61.255
45  26  277.709   59.9199
45  25  276.345   59.7014
45  24  272.243   55.9706
45  23  268.133   57.6892
45  22  264.531   57.2491
45  21  262.399   53.4201
45  20  257.999   56.0338
45  19  237.43   50.1748
44  68  576.006   142.219
44  67  622.073   120.647
44  66  607.139   113.227
44  65  582.005   114.718
44  64  559.999   114.928
44  63  543.753   113.174
44  62  519.943   110.572
44  61  502.675   101.674
44  60  479.11   104.632
44  59  468.651   95.4158
44  58  457.594   94.8485
44  57  436.191   91.7773
44  56  424.003   97.4375
44  55  411.832   89.027
44  54  412.152   91.4552
44  53  401.298   93.3617
44  52  376.348   87.0475
44  51  380.421   87.3152
44  50  380.176   87.027
44  49  368.934   79.0333
44  48  365.948   87.1374
44  47  377.548   94.9651
44  46  356.187   84.0217
44  45  355.386   76.3822
44  44  345.267   78.7645
44  43  342.915   76.6122
44  42  339.628   77.9573
44  41  342.794   68.3222
44  40  329.794   69.3775
44  39  325.268   83.4367
44  38  319.851   76.4795
44  37  316.996   70.1264
44  36  311.861   72.437
44  35  309.129   79.2679
44  34  310.805   75.4992
44  33  303.347   60.4434
44  32  297.803   61.2637
44  31  296.06   71.5985
44  30  290.908   65.2724
44  29  294.137   70.3976
44  28  289.177   71.7886
44  27  278.841   64.8656
44  26  278.41   66.75
44  25  274.15   68.4808
44  24  275.742   69.0718
44  23  267.067   62.9556
44  22  261.625   64.222
44  21  252.236   61.0109
44  20  210.912   54.5218
43  68  524.196   136.842
43  67  614.734   117.217
43  66  610.504   113.136
43  65  586.053   107.775
43  64  563.791   107.47
43  63  536.425   100.587
43  62  514.054   97.4869
43  61  497.075   106.976
43  60  482.948   92.053
43  59  473.728   86.8215
43  58  460.305   89.6411
43  57  440.809   86.4111
43  56  420.559   86.5161
43  55  417.774   79.5801
43  54  400.909   78.8021
43  53  390.018   80.8458
43  52  380.711   71.8252
43  51  390.16   84.0837
43  50  378.519   72.189
43  49  373.232   80.525
43  48  369.907   76.1546
43  47  369.033   77.9426
43  46  366.545   76.8966
43  45  355.415   74.9923
43  44  355.742   69.5653
43  43  349.762   65.8916
43  42  352.891   65.4773
43  41  346.174   61.833
43  40  339.716   64.2892
43  39  339.292   62.9809
43  38  336.332   68.1419
43  37  332.49   67.7319
43  36  326.329   59.5686
43  35  319.46   58.8115
43  34  310.725   64.153
43  33  309.086   58.9692
43  32  311.035   60.1723
43  31  305.662   55.3001
43  30  301.121   54.7283
43  29  306.447   63.5195
43  28  297.891   58.3164
43  27  296.549   55.391
43  26  289.665   63.2068
43  25  289.837   64.0923
43  24  284.134   59.4425
43  23  274.333   57.464
43  22  261.033   54.3269
43  21  234.991   54.2374
42  68  575.352   146.349
42  67  619.371   128.922
42  66  593.808   116.898
42  65  579.044   115.446
42  64  554.949   102.291
42  63  544.432   115.277
42  62  509.569   107.627
42  61  501.003   102.929
42  60  484.499   103.228
42  59  469.447   98.7535
42  58  453.409   92.1828
42  57  444.043   96.1707
42  56  426.533   94.833
42  55  411.99   89.2277
42  54  404.162   88.0138
42  53  397.591   80.1656
42  52  391.358   81.6147
42  51  385.606   74.8669
42  50  377.798   69.2754
42  49  378.057   98.0169
42  48  365.163   80.9267
42  47  357.399   85.1574
42  46  362.622   77.6861
42  45  352.836   86.6198
42  44  352.112   75.2748
42  43  348.708   68.3959
42  42  341.1   72.26
42  41  338.673   69.7704
42  40  329.395   78.8779
42  39  329.023   59.986
42  38  326.004   72.2643
42  37  318.188   73.6635
42  36  318.008   74.8377
42  35  315.104   72.4805
42  34  311.908   67.3358
42  33  308.302   68.7015
42  32  299.027   62.7713
42  31  305.258   61.8749
42  30  302.457   62.8154
42  29  296.973   67.9788
42  28  295.079   60.9633
42  27  292.427   63.3184
42  26  280.719   59.074
42  25  282.138   60.097
42  24  270.501   62.8803
42  23  256.08   65.5726
42  22  217.251   65.761
41  68  516.16   147.098
41  67  616.363   118.397
41  66  603.296   125.046
41  65  578.599   115.149
41  64  552.944   113.671
41  63  514.726   97.8381
41  62  502.662   103.653
41  61  481.802   97.3497
41  60  468.614   97.1464
41  59  448.894   89.8362
41  58  436.23   94.5913
41  57  429.692   96.6201
41  56  411.829   90.9303
41  55  402.456   86.3459
41  54  389.349   81.1324
41  53  380.859   83.9087
41  52  366.467   76.7999
41  51  360.108   78.3024
41  50  350.782   74.666
41  49  356.442   71.6102
41  48  350.254   77.1932
41  47  339.574   83.8787
41  46  343.917   76.2652
41  45  341.935   75.3853
41  44  329.06   73.6204
41  43  334.307   80.2263
41  42  325.319   70.7249
41  41  321.559   81.6878
41  40  318.103   72.3418
41  39  313.516   74.1649
41  38  312.832   68.3352
41  37  303   66.7675
41  36  298.621   68.4268
41  35  291.718   67.6557
41  34  291.787   66.832
41  33  293.655   65.5336
41  32  286.126   59.9484
41  31  288.526   62.9553
41  30  286.612   56.8672
41  29  279.643   57.5503
41  28  273.037   56.5645
41  27  268.804   62.3067
41  26  255.529   54.4232
41  25  257.005   57.8771
41  24  240.507   56.1003
41  23  218.547   72.5275
40  68  581.717   134.976
40  67  628.631   114.374
40  66  608.521   116.581
40  65  582.861   120.472
40  64  552.65   102.769
40  63  542.061   104.176
40  62  523.058   102.903
40  61  487.142   102.187
40  60  479.111   98.4772
40  59  464.182   94.1641
40  58  457.663   88.8427
40  57  449.973   92.5947
40  56  426.732   96.5672
40  55  417.159   92.4901
40  54  401.325   84.4313
40  53  397.722   82.1694
40  52  391.241   79.3834
40  51  383.906   90.7219
40  50  375.589   84.1685
40  49  368.954   83.3341
40  48  356.618   82.386
40  47  364.405   80.8916
40  46  371.449   79.4691
40  45  357.661   75.0599
40  44  349.677   75.946
40  43  340.86   74.6498
40  42  344.151   74.3566
40  41  340.331   69.1205
40  40  335.482   68.9386
40  39  343.992   76.9242
40  38  332.068   72.1466
40  37  331.17   75.5047
40  36  321.637   72.8331
40  35  317.777   73.5788
40  34  314.008   63.9183
40  33  306.119   71.5793
40  32  313.654   65.9747
40  31  300.169   67.7961
40  30  297.008   67.08
40  29  296.36   73.1605
40  28  292.714   65.3866
40  27  278.18   59.4925
40  26  277.952   58.4256
40  25  258.132   60.4794
40  24  222.319   67.7442
39  68  530.017   149.738
39  67  617.417   120.279
39  66  585.382   115.98
39  65  570.834   117.572
39  64  540.873   104.515
39  63  520.441   101.165
39  62  494.965   98.1987
39  61  478.275   102.787
39  60  464.883   98.6543
39  59  444.66   94.7043
39  58  433.958   92.6349
39  57  421.033   89.9012
39  56  405.315   87.0231
39  55  393.807   89.4908
39  54  379.546   81.5358
39  53  372.978   81.6754
39  52  366.301   79.4333
39  51  361.068   76.9758
39  50  359.874   77.1527
39  49  336.955   79.6506
39  48  330.317   68.3078
39  47  334.241   69.7375
39  46  335.755   68.7837
39  45  334.132   69.9816
39  44  326.402   73.3248
39  43  325.11   64.1267
39  42  321.611   62.9152
39  41  315.881   64.5033
39  40  315.001   69.9511
39  39  314.086   65.8484
39  38  313.868   73.136
39  37  302.343   65.2172
39  36  299.087   68.8926
39  35  292.647   63.8544
39  34  287.415   58.9497
39  33  287.027   60.3264
39  32  281.276   60.2657
39  31  282.422   59.025
39  30  283.001   56.8037
39  29  275.915   56.5974
39  28  275.057   53.5768
39  27  266.436   56.7454
39  26  247.021   54.3216
39  25  231.791   89.3849
38  68  577.688   143.632
38  67  627.098   121.292
38  66  602.465   107.447
38  65  580.738   111.631
38  64  558.413   107.489
38  63  533.615   103.798
38  62  521.58   96.5149
38  61  503.144   92.4529
38  60  490.055   92.5366
38  59  471.611   90.0857
38  58  460.19   90.335
38  57  446.89   87.6837
38  56  435.932   84.8219
38  55  420.466   87.6105
38  54  409.021   87.796
38  53  401.208   79.6551
38  52  399.642   77.5237
38  51  393.415   81.1223
38  50  384.589   70.6229
38  49  374.366   85.9828
38  48  388.901   79.0697
38  47  380.652   78.0504
38  46  369.517   80.0034
38  45  369.464   71.5182
38  44  361.199   72.623
38  43  358.409   75.2873
38  42  355.151   70.1839
38  41  346.744   72.2014
38  40  344.775   72.6299
38  39  349.752   73.3346
38  38  333.084   62.75
38  37  328.956   67.1845
38  36  333.544   68.9739
38  35  331.517   73.0517
38  34  329.147   72.1797
38  33  319.589   65.4077
38  32  319.884   64.3982
38  31  318.166   66.9331
38  30  308.144   63.8436
38  29  307.677   57.7961
38  28  295.513   63.3612
38  27  288.703   60.5593
38  26  239.942   200
37  68  524.717   142.062
37  67  621.802   126.991
37  66  604.522   117.102
37  65  571.098   115.85
37  64  537.62   106.227
37  63  504.031   101.884
37  62  484.952   95.6246
37  61  478.868   96.5255
37  60  459.677   94.8974
37  59  444.32   93.0728
37  58  432.11   90.3731
37  57  420.613   86.9028
37  56  404.794   82.0391
37  55  387.11   85.2714
37  54  372.961   81.1747
37  53  372.125   80.5105
37  52  372.996   74.5158
37  51  357.232   71.3349
37  50  352.864   73.9232
37  49  347.981   76.4829
37  48  348.189   71.3181
37  47  342.52   72.5504
37  46  340.564   70.2096
37  45  334.647   64.4501
37  44  335.317   64.8044
37  43  329.494   72.2772
37  42  324.274   72.3973
37  41  319.353   65.6776
37  40  312.613   62.4682
37  39  311.755   67.587
37  38  309.681   63.3363
37  37  301.487   62.6738
37  36  296.809   61.6671
37  35  296.997   63.177
37  34  291.262   60.3558
37  33  294.784   61.7839
37  32  288.37   59.8938
37  31  282.577   54.4815
37  30  279.215   50.6379
37  29  273.241   57.4995
37  28  249.077   56.3567
36  68  573.421   138.913
36  67  614.309   110.366
36  66  589.368   119.46
36  65  566.036   105.821
36  64  550.397   110.7
36  63  518.135   104.307
36  62  505.961   101.726
36  61  484.418   97.7422
36  60  462.537   97.4394
36  59  453.65   96.5771
36  58  433.65   89.3709
36  57  419.663   87.4693
36  56  411.106   89.6759
36  55  399.554   86.4717
36  54  389.715   89.7846
36  53  374.381   78.367
36  52  364.369   75.4188
36  51  356.392   71.1
36  50  346.81   61.6499
36  49  347.346   76.3788
36  48  335.012   74.7792
36  47  326.877   70.842
36  46  330.96   73.5533
36  45  329.136   68.2951
36  44  319.319   74.0861
36  43  314.165   69.7363
36  42  316.589   74.8391
36  41  307.449   65.624
36  40  301.724   57.9247
36  39  300.924   63.1541
36  38  293.085   64.0066
36  37  287.593   60.1648
36  36  279.992   68.3225
36  35  279.398   61.0918
36  34  277.002   64.4802
36  33  280.422   65.4948
36  32  275.2   61.6397
36  31  266.902   51.5369
36  30  259.009   52.797
36  29  241.988   55.1902
35  68  535.349   148.9
35  67  630.706   129.196
35  66  594.652   115.693
35  65  567.492   113.713
35  64  543.378   104.66
35  63  524.953   105.772
35  62  509.963   105.17
35  61  488.219   104.15
35  60  469.688   101.349
35  59  446.097   97.6408
35  58  433.719   99.2623
35  57  416.984   97.9869
35  56  409.706   94.3718
35  55  402.004   94.8554
35  54  378.925   83.2666
35  53  377.665   87.0472
35  52  370.65   80.9132
35  51  360.094   86.7528
35  50  361.26   72.3768
35  49  355.668   72.1347
35  48  353.793   92.2789
35  47  347.876   75.8289
35  46  335.78   76.9662
35  45  337.459   79.9493
35  44  334.86   72.6941
35  43  329.99   73.5349
35  42  321.789   72.4911
35  41  322.126   73.5875
35  40  319.958   76.2316
35  39  305.944   68.5305
35  38  305.161   72.1661
35  37  289.896   65.5808
35  36  289.178   69.7938
35  35  292.951   72.958
35  34  289.051   66.6232
35  33  287.829   65.0808
35  32  277.711   66.488
35  31  265.553   57.2967
35  30  236.775   59.9201
34  68  582.46   133.807
34  67  629.503   111.93
34  66  601.197   101.851
34  65  579.304   103.81
34  64  557.7   95.4916
34  63  531.613   95.9795
34  62  520.861   106.08
34  61  500.593   94.1819
34  60  484.043   90.0662
34  59  463.489   88.4565
34  58  452.896   85.6324
34  57  435.691   85.3864
34  56  426.257   87.1181
34  55  418.545   83.2947
34  54  407.553   82.5895
34  53  396.416   80.7191
34  52  383.504   82.5013
34  51  391.58   82.209
34  50  385.543   79.6589
34  49  372.515   79.1542
34  48  365.774   76.6393
34  47  369.134   78.4215
34  46  362.598   75.1917
34  45  356.81   68.6342
34  44  352.431   67.0237
34  43  351.971   70.1646
34  42  346.065   77.9281
34  41  339.613   73.6305
34  40  335.047   57.2935
34  39  330.313   71.0084
34  38  325.468   63.5926
34  37  328.157   66.643
34  36  316.919   61.4918
34  35  311.563   65.3712
34  34  308.817   60.514
34  33  303.181   61.3856
34  32  291.327   60.5636
34  31  254.15   52.4628
33  68  535.378   154.506
33  67  613.014   125.625
33  66  593.109   110.162
33  65  576.845   108.279
33  64  544.036   105.353
33  63  520.783   108.248
33  62  507.183   107.637
33  61  476.896   104.354
33  60  457.774   100.357
33  59  452.466   104.487
33  58  438.32   91.2046
33  57  423.105   91.8438
33  56  411.243   96.571
33  55  396.416   90.6767
33  54  389.227   89.2267
33  53  375.801   89.2295
33  52  370.996   82.9861
33  51  360.175   73.7098
33  50  360.809   91.3385
33  49  350.977   74.3384
33  48  342.832   83.5135
33  47  335.417   74.4115
33  46  336.483   72.6139
33  45  323.205   79.4401
33  44  338.412   79.976
33  43  323.833   75.548
33  42  317.537   65.1075
33  41  316.33   78.5937
33  40  313.015   64.7303
33  39  305.751   71.5227
33  38  307.872   70.5498
33  37  294.868   73.3473
33  36  286.141   68.5972
33  35  290.651   68.7585
33  34  283.012   70.0605
33  33  265.181   63.8422
33  32  244.997   66.5917
32  68  574.071   147.185
32  67  621.775   126.81
32  66  603.463   118.063
32  65  580.284   119.484
32  64  560.774   106.008
32  63  535.648   116.931
32  62  527.561   111.148
32  61  496.785   110.987
32  60  483.075   96.1125
32  59  459.651   106.912
32  58  448.109   105.021
32  57  430.16   102.162
32  56  418.843   104.958
32  55  407.253   101.143
32  54  396.677   96.2946
32  53  382.18   98.0814
32  52  364.424   93.1985
32  51  372.978   89.4114
32  50  367.957   84.1752
32  49  347.131   89.9094
32  48  350.789   91.8986
32  47  342.312   87.4977
32  46  338.535   81.2742
32  45  335.181   81.5257
32  44  330.614   89.5988
32  43  329.941   87.8826
32  42  323.996   79.1968
32  41  320.475   76.2405
32  40  315.896   86.0454
32  39  303.702   70.6595
32  38  298.602   82.049
32  37  284.029   72.6342
32  36  280.364   72.5511
32  35  271.688   77.2529
32  34  257.314   68.9817
32  33  217.464   55.8579
31  68  550.592   153.015
31  67  618.46   123.674
31  66  589.35   110.11
31  65  563.826   114.066
31  64  534.782   111.594
31  63  519.936   106.356
31  62  502.574   98.1795
31  61  481.09   104.404
31  60  461.086   102.627
31  59  448.612   99.7135
31  58  437.465   97.3136
31  57  419.731   91.289
31  56  398.902   89.5715
31  55  390.233   87.0187
31  54  386.023   84.804
31  53  376.475   88.259
31  52  374.142   87.8355
31  51  361.496   78.1234
31  50  357.114   76.1802
31  49  345.22   75.4393
31  48  336.601   76.5775
31  47  332.087   78.2631
31  46  332.659   74.2313
31  45  328.634   77.0656
31  44  318.32   67.6586
31  43  323.403   73.7567
31  42  322.212   73.8946
31  41  314.371   72.3549
31  40  315.982   66.323
31  39  309.929   68.3295
31  38  305.057   68.1306
31  37  291.776   68.8767
31  36  293.126   64.5889
31  35  269.311   66.28
31  34  239.79   57.4422
30  68  547.684   147.343
30  67  595.093   112.874
30  66  577.721   104.178
30  65  576.329   113.495
30  64  542.858   103.901
30  63  519.17   108.734
30  62  483.256   101.706
30  61  468.011   96.441
30  60  456.712   98.851
30  59  443.043   88.6173
30  58  422.731   87.3243
30  57  419.973   90.8238
30  56  403.85   85.3791
30  55  389.697   86.5884
30  54  380.133   82.0321
30  53  369.223   79.0837
30  52  355.872   79.5705
30  51  354.023   77.7346
30  50  354.111   77.6167
30  49  339.037   69.513
30  48  329.999   71.4323
30  47  327.4   66.2662
30  46  321.714   70.3461
30  45  324.674   68.8184
30  44  323.165   73.9463
30  43  320.11   69.1625
30  42  315.92   65.2286
30  41  319.487   67.6156
30  40  306.421   60.3547
30  39  309.7   72.5215
30  38  297.017   60.764
30  37  290.377   60.5056
30  36  265.052   54.3378
30  35  251.269   60.9152
29  68  558.537   137.085
29  67  622.934   115.937
29  66  597.326   105.642
29  65  571.426   101.554
29  64  548.496   102.001
29  63  535.059   105.414
29  62  525.887   100.922
29  61  495.754   95.9509
29  60  484.322   95.0867
29  59  475.971   91.9223
29  58  458.353   87.7742
29  57  441.012   86.0672
29  56  430.24   91.0071
29  55  424.237   86.617
29  54  409.476   84.2522
29  53  396.838   84.6224
29  52  392.239   76.5984
29  51  388.517   74.0724
29  50  381.065   73.0991
29  49  378.534   76.9493
29  48  374.643   79.6362
29  47  373.086   77.4853
29  46  362.245   74.6989
29  45  365.206   77.768
29  44  361.796   65.2406
29  43  360.1   71.5449
29  42  357.571   78.1364
29  41  347.353   74.3912
29  40  341.28   70.7613
29  39  324.032   66.2646
29  38  321.462   65.2979
29  37  289.416   64.6984
29  36  263.142   70.6831
28  68  558.547   152.255
28  67  625.76   124.075
28  66  600.932   112.076
28  65  590.192   115.474
28  64  562.605   115.033
28  63  541.175   101.586
28  62  523.464   99.0014
28  61  505.828   102.234
28  60  496.523   94.6804
28  59  480.782   97.1385
28  58  464.196   93.4822
28  57  451.567   94.5207
28  56  437.669   89.7695
28  55  422.432   93.2958
28  54  413.609   86.1945
28  53  404.034   89.3241
28  52  403.413   90.4064
28  51  391.16   82.7186
28  50  389.453   79.9536
28  49  375.26   82.5982
28  48  378.302   82.4813
28  47  352.148   73.9854
28  46  355.167   79.5106
28  45  357.911   76.605
28  44  361.481   80.5707
28  43  348.227   76.6777
28  42  347.089   73.5194
28  41  335.604   71.7503
28  40  327.35   70.022
28  39  318.036   71.3306
28  38  278.596   66.5376
28  37  246.056   82.7233
27  68  559.651   137.682
27  67  614.213   119.921
27  66  596.768   119.978
27  65  576.722   109.345
27  64  550.965   110.611
27  63  531.754   107.175
27  62  517.968   107.58
27  61  504.093   108.476
27  60  486.003   102.632
27  59  477.247   94.7318
27  58  457.765   92.6824
27  57  435.114   95.5126
27  56  430.906   91.7976
27  55  418.318   94.8608
27  54  400.72   87.5035
27  53  390.436   85.9631
27  52  376.379   76.7596
27  51  368.799   89.9658
27  50  367.529   85.4284
27  49  364.998   81.4771
27  48  351.685   79.9564
27  47  340.462   86.2927
27  46  352.448   76.4303
27  45  347.848   79.3819
27  44  341.321   81.5955
27  43  336.163   78.0855
27  42  321.114   71.8146
27  41  320.228   77.7207
27  40  309.785   76.3962
27  39  281.446   66.309
26  68  559.488   146.506
26  67  620.334   119.455
26  66  600.275   121.382
26  65  578.288   113.176
26  64  547.532   114.86
26  63  531.814   119.021
26  62  516.47   99.0341
26  61  499.573   106.9
26  60  484.58   100.568
26  59  470.293   101.455
26  58  445.9   90.5899
26  57  442.829   91.9086
26  56  429.538   93.1149
26  55  408.565   90.9098
26  54  392.337   87.8357
26  53  389.219   89.4514
26  52  382.361   87.3499
26  51  367.843   79.1158
26  50  375.716   79.1643
26  49  367.534   87.1052
26  48  352.154   73.1405
26  47  347.301   78.4618
26  46  342.104   81.2482
26  45  345.705   74.0596
26  44  338.514   81.8447
26  43  327.26   79.4916
26  42  318.965   75.4918
26  41  306.511   71.391
26  40  275.71   70.8377
25  68  551.566   140.738
25  67  614.328   122.687
25  66  583.448   118.488
25  65  556.817   110.204
25  64  540.864   103.035
25  63  523.645   110.561
25  62  496.629   96.9601
25  61  486.047   103.186
25  60  458.275   94.9317
25  59  447.004   91.4857
25  58  437.892   93.053
25  57  423.97   97.1881
25  56  398.397   92.4363
25  55  389.38   87.9763
25  54  379.423   86.7941
25  53  368.347   81.7839
25  52  362.444   84.1528
25  51  354.784   81.5064
25  50  354.013   85.4114
25  49  340.715   73.2615
25  48  342.904   85.5364
25  47  329.499   80.2572
25  46  332.484   71.4109
25  45  325.164   67.4456
25  44  319.548   70.9662
25  43  320.213   70.9795
25  42  303.609   67.5194
25  41  266.439   71.9228
24  68  575.973   149.903
24  67  625.169   122.311
24  66  607.379   118.144
24  65  577.496   125.797
24  64  551.094   117.49
24  63  533.65   108.28
24  62  509.007   108.847
24  61  499.726   102.507
24  60  483.928   105.419
24  59  461.178   104.324
24  58  445.746   105.281
24  57  437.168   99.0129
24  56  420.541   97.6269
24  55  401.783   102.818
24  54  395.185   94.8842
24  53  373.557   90.4748
24  52  376.735   94.0486
24  51  370.064   86.184
24  50  363.568   87.9965
24  49  352.294   93.0264
24  48  342.975   89.2759
24  47  337.725   80.6197
24  46  335.976   83.3037
24  45  335.196   83.1031
24  44  326.977   76.5136
24  43  307.446   75.9681
24  42  258.922   81.5467
23  68  558.888   135.969
23  67  617.404   121.701
23  66  589.35   111.402
23  65  570.798   109.124
23  64  546.414   103.146
23  63  527.352   105.365
23  62  502.569   97.9785
23  61  503.783   94.9835
23  60  481.177   97.4582
23  59  460.998   102.186
23  58  447.656   92.4075
23  57  433.591   88.5209
23  56  418.95   87.2194
23  55  405.914   94.0823
23  54  396.017   86.2173
23  53  383.309   89.5957
23  52  383.843   76.5048
23  51  364.689   76.9758
23  50  375.416   83.2048
23  49  354.019   79.4768
23  48  358.911   86.3852
23  47  345.366   77.3543
23  46  353.073   79.0869
23  45  340.046   75.2188
23  44  328.448   73.7689
23  43  278.541   65.7014
22  68  552.36   134.437
22  67  616.625   121.199
22  66  591.741   108.656
22  65  571.36   117.583
22  64  554.398   115.054
22  63  530.201   112.373
22  62  505.449   99.7224
22  61  495.495   96.3936
22  60  471.954   100.224
22  59  463.588   96.9354
22  58  442.338   92.1624
22  57  422.305   91.1142
22  56  410.418   90.9979
22  55  396.695   93.7392
22  54  394.124   90.79
22  53  377.22   88.2868
22  52  374.842   85.2189
22  51  373.001   84.8988
22  50  362.829   84.9446
22  49  365.778   86.5764
22  48  342.71   82.9888
22  47  332.665   76.9704
22  46  328.572   83.9328
22  45  317.774   70.651
22  44  270.454   91.1526
21  68  569.27   134.619
21  67  622.001   122.607
21  66  592.891   108.942
21  65  579.387   109.791
21  64  565.134   113.614
21  63  539.203   111.528
21  62  530.313   104.942
21  61  507.212   102.764
21  60  491.116   102.999
21  59  482.167   102.56
21  58  466.523   95.0744
21  57  449.566   91.4781
21  56  436.751   91.5952
21  55  424.924   94.6902
21  54  413.026   88.6513
21  53  400.595   86.0447
21  52  399.595   86.5414
21  51  387.691   85.889
21  50  389.093   71.8969
21  49  367.138   81.3634
21  48  378.277   86.0528
21  47  361.503   83.9892
21  46  340.223   74.6602
21  45  303.997   75.5736
20  68  571.038   139.808
20  67  612.462   115.705
20  66  601.416   117.842
20  65  586.977   121.28
20  64  566.493   110.534
20  63  540.095   109.371
20  62  537.108   110.257
20  61  510.642   102.296
20  60  489.274   102.524
20  59  474.986   100.042
20  58  462.067   98.8598
20  57  453.171   106.596
20  56  436.958   94.7063
20  55  420.31   93.7718
20  54  410.07   96.8526
20  53  396.495   95.4429
20  52  388.668   84.4099
20  51  387.437   82.6863
20  50  374.822   77.1673
20  49  363.411   90.4555
20  48  352.769   80.818
20  47  331.014   78.9842
20  46  265.889   67.9789
19  68  558.477   133.773
19  67  616.069   110.2
19  66  607.232   119.853
19  65  582.906   106.685
19  64  556.394   107.057
19  63  540.051   103.172
19  62  521.009   103.369
19  61  509.331   101.33
19  60  491.062   93.6401
19  59  479.198   93.1692
19  58  461.823   90.2069
19  57  444.218   86.0086
19  56  434.543   92.5176
19  55  423.18   90.4231
19  54  412.041   88.7295
19  53  400.444   87.0022
19  52  394.992   87.696
19  51  389.862   71.5357
19  50  367.11   71.9806
19  49  361.012   80.2229
19  48  326.262   84.8845
19  47  264.065   134.278
18  68  562.762   135.622
18  67  607.071   126.15
18  66  595.318   114.666
18  65  582.777   122.847
18  64  548.25   110.331
18  63  527.166   113.3
18  62  502.235   113.999
18  61  491.194   106.656
18  60  466.686   102.174
18  59  453   103.156
18  58  439.3   94.776
18  57  428.312   96.6456
18  56  411.106   104.468
18  55  399.746   91.306
18  54  388.308   95.2485
18  53  375.273   93.7656
18  52  356.892   89.6578
18  51  352.868   77.9543
18  50  336.247   86.3633
18  49  299.073   85.9644
18  48  206.973   178.566
17  68  555.875   143.984
17  67  625.023   125.825
17  66  601.995   114.221
17  65  576.251   122.433
17  64  555.801   111.274
17  63  542.363   110.431
17  62  519.265   111.366
17  61  508.425   106.638
17  60  493.84   112.594
17  59  471.461   108.63
17  58  461.568   107.668
17  57  442.476   103.532
17  56  429.022   102.88
17  55  417.732   98.9027
17  54  404.983   93.1163
17  53  388.612   96.5058
17  52  376.983   94.1623
17  51  365.252   92.1953
17  50  312.326   90.122
17  49  266.105   200
16  68  574.482   149.724
16  67  617.856   106.803
16  66  594.494   122.15
16  65  576.694   112.718
16  64  555.44   104.24
16  63  535.202   102.646
16  62  513.703   98.8546
16  61  496.668   102.177
16  60  493.179   106.802
16  59  475.5   101.68
16  58  461.046   105.393
16  57  441.669   91.2199
16  56  423.38   89.9161
16  55  411.06   94.5099
16  54  401.631   87.2721
16  53  394.096   84.8946
16  52  356.338   83.5783
16  51  321.456   79.79
15  68  564.791   135.657
15  67  620.406   123.43
15  66  598.287   113.571
15  65  576.974   112.486
15  64  558.466   106.963
15  63  541.174   102.614
15  62  523.3   100.181
15  61  509.067   99.5697
15  60  494.276   95.465
15  59  477.712   94.5904
15  58  466.541   91.2942
15  57  455.496   92.0908
15  56  442.967   89.0757
15  55  425.371   86.1304
15  54  416.09   85.5822
15  53  384.257   83.048
15  52  333.455   73.1985
14  68  555.804   138.79
14  67  619.274   115.856
14  66  595.732   111.086
14  65  576.34   112.983
14  64  554.943   103.64
14  63  545.816   105.189
14  62  523.099   98.9821
14  61  508.228   97.1018
14  60  490.397   93.5572
14  59  480.047   89.7314
14  58  470.752   89.561
14  57  460.119   87.5452
14  56  443.945   84.8686
14  55  430.551   84.4099
14  54  401.71   85.1211
14  53  335.153   76.3037
13  68  551.072   133.401
13  67  606.272   116.958
13  66  586.137   114.756
13  65  553.937   106.304
13  64  533.665   102.277
13  63  514.918   95.0655
13  62  501.97   95.0692
13  61  481.984   93.4231
13  60  464.479   90.1957
13  59  450.019   85.5646
13  58  437.538   82.475
13  57  425.438   82.8727
13  56  414.435   81.6989
13  55  384.144   79.5538
13  54  337.028   113.668
12  68  552.702   135.56
12  67  606.892   120.153
12  66  588.393   116.485
12  65  552.256   110.414
12  64  533.537   107.04
12  63  511.621   102.029
12  62  498.778   98.2665
12  61  478.45   94.3753
12  60  465.42   88.0301
12  59  455.367   87.27
12  58  440.909   82.9869
12  57  428.009   83.6438
12  56  391.781   81.547
12  55  375.895   200
11  68  559.144   137.497
11  67  606.26   119.79
11  66  580.863   114.598
11  65  554.872   108.134
11  64  535.37   106.895
11  63  510.935   105.148
11  62  493.061   97.7325
11  61  474.357   95.6636
11  60  462.787   91.2211
11  59  452.048   86.2423
11  58  428.668   81.9157
11  57  398.358   85.2193
10  68  557.883   153.958
10  67  611.131   128.993
10  66  586.809   119.113
10  65  565.222   120.763
10  64  548.113   112.816
10  63  529.177   112.474
10  62  506.134   109.882
10  61  487.818   100.889
10  60  471.072   98.8218
10  59  451.465   101.538
10  58  408.692   105.385
9  68  553.403   144.035
9  67  608.111   123.981
9  66  584.066   119.693
9  65  561.069   110.913
9  64  540.16   108.945
9  63  520.507   101.198
9  62  506.665   101.156
9  61  487.36   96.5172
9  60  466.337   97.5591
9  59  422.713   102.809
8  68  565.82   150.56
8  67  610.591   123.289
8  66  582.232   117.459
8  65  558.161   114.136
8  64  537.783   111.028
8  63  513.584   111.139
8  62  493.205   102.386
8  61  460.5   99.1906
8  60  389.465   110.989
7  68  558.777   135.306
7  67  602.525   115.149
7  66  567.099   111.407
7  65  546.421   105.056
7  64  518.189   97.1594
7  63  492.451   94.926
7  62  463.862   93.9288
7  61  388.546   101.864
6  68  542.37   139.984
6  67  588.477   114.244
6  66  566.199   109.295
6  65  545.026   109.686
6  64  515.417   110.555
6  63  474.173   104.513
6  62  399.957   102.062
5  68  548.406   137.112
5  67  586.616   114.075
5  66  557.148   109.566
5  65  536.617   109.117
5  64  488.961   113.379
5  63  405.53   124.146
4  68  515.938   129.443
4  67  564.334   112.532
4  66  535.143   109.867
4  65  482.749   112.76
4  64  383.465   113.111
3  68  529.58   137.134
3  67  571.551   115.174
3  66  512.315   128.738
3  65  408.078   117.305
2  68  624.75   198.221
2  67  650.512   172.699
2  66  544.628   200
