0  0  0  0
0  0  0  0
3  46.5  991.035  -0.01
4  45.5  1000  -0.0092244
5  43.5  1000  -0.00894114
6  42.5  1000  -0.0087729
7  40.5  912.067  -0.0061203
8  39.5  831.091  -0.00523109
9  39.5  786.72  -0.00420468
10  40.5  748.606  -0.00412179
11  42.5  786.895  -0.00411609
12  43.5  855.091  -0.00472841
13  45.5  850.463  -0.00446679
14  51.5  828.536  -0.00382394
15  48.5  876.524  -0.00407647
16  49  834.351  -0.00444901
17  50  856.072  -0.00465363
18  50  783.358  -0.00434253
19  50  757.809  -0.00377116
20  51  808.012  -0.00396399
21  51  798.492  -0.00370084
22  51  791.174  -0.00394833
23  51  764.286  -0.00368682
24  51  766.334  -0.0042214
25  51  803.266  -0.00416598
26  51  787.132  -0.00387942
27  52  747.096  -0.00371952
28  52  780.843  -0.00348109
29  52  777.287  -0.0034118
30  52  759.007  -0.00370848
31  52  786.247  -0.00360075
32  52  714.844  -0.00370736
33  52  770.022  -0.00354419
34  53  723.857  -0.00307507
35  53  731.866  -0.00342185
36  53  725.022  -0.00367767
37  53  791.187  -0.00342115
38  53  705.442  -0.00302101
39  53  725.374  -0.00331164
40  54  734.383  -0.00329109
41  54  704.562  -0.00331111
42  54  715.768  -0.00308641
43  54  741.536  -0.00298843
44  54  738.585  -0.00311471
45  54  720.301  -0.00302728
46  54  689.066  -0.00340811
47  55  695.074  -0.00305593
48  55  705.388  -0.00283064
49  55  722.754  -0.00304602
50  55  686.049  -0.00295963
51  55  730.039  -0.00289341
52  55  719.827  -0.00278763
53  56  673.8  -0.00269259
54  56  615.698  -0.00220098
55  56  653.255  -0.0029456
56  56  666.052  -0.00327958
57  56  683.232  -0.00271264
58  56  694.383  -0.00296241
59  56  680.043  -0.00290999
60  57  690.514  -0.00266102
61  57  662.389  -0.00292251
62  57  536.309  -0.00226019
