1   36   36   3.811774966328349   425.56978591845177   3.5297865019097605
2   35   36   3.0136288072925526   413.55282965855764   15.302818551193143
2   36   35   13.142868242759597   413.584490493098   3.567172738882404
2   36   36   7.641311245210082   419.3026875822028   9.683966744264456
3   34   36   3.3071813392056124   401.47806989791536   27.34890693468513
3   35   35   13.880741454945033   401.5675345211994   15.324081346912488
3   35   36   8.495282534862284   407.27934880563424   21.67114703449161
3   36   34   24.83193302533729   401.4835829711878   3.5384859405953546
3   36   35   19.40762337684268   407.20163206593367   9.727757689488493
4   33   36   3.3014810321077737   389.4033169410462   39.41261360036316
4   34   35   13.870904833746277   389.49277472792716   27.36796139882282
4   34   36   8.483231961072534   395.2045743520279   33.720957297431916
4   35   34   24.87511092721089   389.4666299845414   15.284600870644594
4   35   35   19.39625091016978   395.1783041877473   21.70741739493047
4   36   33   35.85044994680518   389.3826867288718   3.5101916087154437
4   36   34   30.40505964538918   395.1005786005972   9.682759998227137
5   32   36   3.2958205499758177   377.32857144112546   51.48155452663724
5   33   35   13.861073045473796   377.41802195240103   39.430801393152684
5   33   36   8.471183574972704   383.12980588747166   45.78397376482332
5   34   34   24.86487067693746   377.39187931220897   27.327437528421957
5   34   35   19.38488021888319   383.10353384090547   33.754993936130305
5   35   33   35.8942616499379   377.36573727812356   15.245162491701063
5   35   34   30.39391368094155   383.07726237370315   21.664037425416048
5   36   32   46.876596937630495   377.2818028514918   3.4822993098440747
5   36   33   41.42233907438255   382.9995273805939   9.637780536849442
6   31   36   3.290200098355153   365.2538341376998   63.55274775747191
6   32   35   13.851246100418999   365.34327689043977   51.49927991014225
6   32   36   8.459137385910571   371.05504399664767   57.85193593752038
6   33   34   24.854632795877315   365.317136493026   39.38989217226714
6   33   35   19.373511306109084   371.02876994574706   45.81694235407664
6   34   33   35.883872451366535   365.29099672207496   27.28693411850254
6   34   34   30.38276901710368   371.00249649278254   33.71216604335174
6   35   32   46.920737532550554   365.2648575777211   15.205766537638434
6   35   33   41.41130454078854   370.97622363788116   21.62067219485244
6   36   31   57.90601553352545   365.18093256824636   3.45481878137258
6   36   32   52.446958083359775   370.8984786256948   9.592819561787683
7   30   36   3.284619882739464   353.17910587145184   75.6251147698218
7   31   35   13.841424008897437   353.26854033299384   63.570185695798074
7   31   36   8.44709340328555   358.9802893429034   69.92228310859163
7   32   34   24.844397286959374   353.24240233231575   51.458170529022865
7   32   35   19.36214417498022   358.9540131533514   57.884278894217175
7   33   33   35.87348480862962   353.2162649798707   39.34899634240704
7   33   34   30.371625655307362   358.9277375815379   45.77438919829894
7   34   32   46.91027100627537   353.1901282758028   27.246451260311428
7   34   33   41.40027102138395   358.9014626275983   33.66934902869664
7   35   31   57.950357352253924   353.1639922202558   15.16641333906287
7   35   32   52.435989684056445   358.8751882916685   21.577321792104804
7   36   30   67.81768807971038   354.23297691382317   4.1041923721164695
7   36   31   63.47509248085755   358.79743258531914   9.547877334198514
8   29   36   3.27908010854516   341.10438760210087   87.69817082328866
8   30   35   13.831606781248873   341.1938131829793   75.6423567382155
8   30   36   8.435051636548991   346.90554268194273   81.99396199657177
8   31   34   24.834164153116692   341.16767774940985   63.52895378032993
8   31   35   19.350778828636383   346.8792642054536   69.95421520472074
8   32   33   35.863098723079084   341.1415429874111   51.417071076639125
8   32   34   30.360483596986235   346.85298636786115   57.841889829070325
8   33   32   46.89980563566548   341.1154088971375   39.30811394536784
8   33   33   41.389238516979944   346.8267091693106   45.73184456429955
8   34   31   57.93984350263291   341.08927547874345   27.20598904559248
8   34   32   52.425022113419715   346.80043260994734   33.62654293371832
8   35   30   68.98161305275853   341.0631427323832   15.12710322965968
8   35   31   63.46416784276114   346.77415668991654   21.533986306723612
8   36   29   78.61261754878939   340.82568628584846   5.036506826163902
8   36   30   75.86611503087308   346.85756929203467   8.34901706545472
9   28   36   3.273580981085307   329.02968043024396   99.77166578207884
9   29   35   13.821794427837363   329.1190964758162   87.71527063061933
9   29   36   8.423012095204685   334.83080487847883   94.06645989964002
9   30   34   24.823933397286467   329.09296379856386   75.60104210942286
9   30   35   19.339415270224194   334.80452395079055   82.02560363747033
9   31   33   35.85271419606819   329.06683181796257   63.48772974696521
9   31   34   30.349342843575933   334.7782436846579   69.91193515343004
9   32   32   46.889341421494684   329.0407005341783   51.37598157681905
9   32   33   41.3782070283883   334.75196408023646   57.799507747630976
9   33   31   57.92933057150371   329.01456994737697   39.26724502310579
9   33   32   52.41405537196983   334.7256851376823   45.689308475884076
9   34   30   68.9710672658335   328.9884400577248   27.165547566588952
9   34   31   63.453243904407195   334.69940685715136   33.58374780017193
9   35   29   80.0138280356478   328.9623108653879   15.087836546224803
9   35   30   74.49428770887725   334.6731292387993   21.490665828950355
9   36   28   89.62481529069072   328.7223923039572   5.032167511463988
9   36   29   86.87559524077005   334.7542753101433   8.317408778939097
10   27   36   3.268122705543391   316.95498562419044   111.84545750940943
10   28   35   13.811986959051174   317.04439140466053   99.78865775263364
10   28   36   8.410974788808893   322.75607692662413   106.13949734940358
10   29   34   24.813705022410133   317.01826169465176   87.67389641744171
10   29   35   19.328053502897276   322.72979336511884   94.09788533571044
10   30   33   35.842331228951586   316.9921327083197   75.55973401306653
10   30   34   30.33820339651399   322.70351048949374   81.98340124790285
10   31   32   46.87887836453738   316.9660044458433   63.44651361106784
10   31   33   41.36717655642171   322.67722829991646   69.86966101149898
10   32   31   57.918818559366464   316.93987690740164   51.334902053461526
10   32   32   52.40308946022732   322.6509467965548   57.75713266527277
10   33   30   68.96052224072156   316.91375009317363   39.22638961773782
10   33   31   63.44232066615725   322.6246659795762   45.64678095694236
10   34   29   80.00325924559453   316.88762400333854   27.125126916046995
10   34   30   74.48339476583337   322.5983858491486   33.54096367001461
10   35   28   91.04665358994296   316.86149863807555   15.048613628695232
10   35   29   85.52559802762528   322.57210640543974   21.447360449724584
10   36   27   100.63800869578986   316.6190983220657   5.02813520478725
10   36   28   97.88671047360717   322.650981328252   8.285868485164428
11   26   36   3.9789012783218314   305.04539196106094   122.76911072435402
11   27   35   13.802184385302983   304.96969935163025   111.86236487630613
11   27   36   8.398939726970898   310.68135997503606   118.21290903490902
11   28   34   24.80347903143324   304.94357284496544   99.74723857521066
11   28   35   19.31669352981601   310.65507357589894   106.17075559018959
11   29   33   35.83194982308538   304.91744709118376   87.63252778052883
11   29   34   30.32706525724001   310.62878788882324   94.05574107320616
11   30   32   46.868416465568615   304.89132209047875   75.51843245986579
11   30   33   41.35614710189366   310.6025029139898   81.94120397720096
11   31   31   57.90830746672166   304.8651978430442   63.40530538803897
11   31   32   52.3921243787132   310.5762186515795   69.82739278966015
11   32   30   68.94997797777224   304.83907434907354   51.29383253053585
11   32   31   63.431398128372955   310.5499351017731   57.71476459741249
11   33   29   79.99269110621726   304.81295160876056   39.185547771542616
11   33   30   74.47250242828069   310.52365226475166   45.60426203144831
11   34   28   89.91628708858795   305.9302771890441   27.060782821566004
11   34   29   85.51472823522798   310.4973701406961   33.49819058540727
11   35   27   102.05128734720232   306.3778475683224   13.547529509480391
11   35   28   96.54122676771595   308.88949337355837   23.05949197468759
11   36   26   113.00040814863628   304.688863563848   3.3933442791723394
11   36   27   108.61645522287084   309.25965431362476   9.854861266514554
12   25   36   4.847838836919861   291.43405465269166   136.14427426703668
12   26   35   13.79238671702981   292.89502192675445   123.93629847928165
12   26   36   7.381663695910176   299.98362255669804   130.1123929505579
12   27   34   24.793255427305468   292.86889888887976   111.82091056292566
12   27   35   19.305335354147775   298.5803658929707   118.24403412396401
12   28   33   35.82156997982692   292.84277663555036   99.70582426148978
12   28   34   30.315928427195388   298.5540771680978   106.12865646404596
12   29   32   46.85795572536402   292.8166551669764   87.5911647277814
12   29   33   41.34511866561845   298.5277891837406   94.0136013243979
12   30   31   57.897797294070045   292.7905344833678   75.47713746056226
12   30   32   52.38116012794884   298.5015019400947   81.89901183327657
12   31   30   68.9394344773352   292.7644145849348   63.36410509331672
12   31   31   63.420476291416186   298.475215437356   69.78513049867091
12   32   29   79.98212361777396   292.7382954718875   51.25277303208259
12   32   30   74.46161069648484   298.44892967571985   57.67240355950914
12   33   28   89.90132296590559   293.8599261313645   39.0863665002914
12   33   29   85.50385897609627   298.4226446553825   45.56175172346048
12   34   27   102.05636854109842   292.70534878582987   27.03770610409949
12   34   28   97.63435579223658   297.2643996352367   33.67222642165443
12   35   26   113.10052197148259   292.67923180024064   14.964612178694535
12   35   27   107.5779204286216   298.38941387228107   21.35165632555326
12   36   25   124.03408569064429   292.58809150037837   3.36876329021563
12   36   26   118.56525385688953   298.30502533929047   9.364096170743208
13   24   36   4.848938403257511   279.35413723028364   148.2198009203382
13   25   35   13.782593964693199   280.8203610169718   136.01039824641884
13   25   36   7.372767982663065   287.9035694423314   142.18791933438834
13   26   34   24.7830342129807   280.7942417477522   123.89481595386381
13   26   35   19.293978979066985   286.50567184698355   130.31760746194163
13   27   33   35.81119170053493   280.76812329751925   111.77946056185435
13   27   34   30.30479290782345   286.4793798294872   118.20197105917954
13   28   32   46.847496144699825   280.7420056665015   99.66441481753401
13   28   33   41.33409124841107   286.4530885831165   106.08656137376947
13   29   31   57.88728804191276   280.71588885492764   87.54980726711437
13   29   32   52.37019670845608   286.4267981080841   93.97146609535788
13   30   30   68.92889173976036   280.68977286302635   75.43584902591903
13   30   31   63.40955515564911   286.40050840460236   81.85682482405761
13   31   29   78.85181736929404   281.8052717592666   63.235025936659675
13   31   30   74.4507195707117   286.3742194728836   69.74287414931301
13   32   28   90.98440307806908   282.25288827038213   49.6491602591001
13   32   29   85.47434249858273   284.76457373729073   59.247038222600274
13   33   27   102.0457682830616   280.63071781366796   39.096913184960904
13   33   28   97.61929586378571   285.19402700686226   45.7116287658307
13   34   26   113.08991042520233   280.60460486250247   26.997365012081076
13   34   27   107.5670819307455   286.31469521368706   33.40402902879996
13   35   25   124.1342846810855   280.57849273205323   14.925555559633978
13   35   26   118.61091893468708   286.2884091519188   21.308411741332723
13   36   24   135.06793586903197   280.48734678359983   3.344659592448397
13   36   25   129.5985889284457   286.2040133979586   9.319360917924602
14   23   36   4.850066252483673   267.2742654602817   160.29532802103614
14   24   35   13.77280613877915   268.7457188483361   148.0846235330713
14   24   36   7.363880315289142   275.82354867980365   154.26344622529658
14   25   34   24.77281539141706   268.71960368827484   135.96889257010184
14   25   35   19.282624407755   274.4309932379736   142.39140061351443
14   26   33   35.80081498656953   268.69348938480294   123.8533373014767
14   26   34   30.29365870056962   274.40469763956065   130.2755738696433
14   27   32   46.83703772435282   268.66737593817027   111.738014877891
14   27   33   41.32306485108729   274.3784028455225   118.15991164357068
14   28   31   57.87677971075125   268.64126334862647   99.62301024941613
14   28   32   52.35923412075699   274.35210885609047   106.04447032416613
14   29   30   68.91834976539788   268.6151516164216   87.50845540645629
14   29   31   63.398634721434114   274.3258156714958   93.9293353921687
14   30   29   78.83686047561093   269.7349331800334   75.29884183048047
14   30   30   74.43982905122724   274.29952329196993   81.814642957487
14   31   28   90.9913571384187   268.58221769802196   63.27443323837
14   31   29   86.5697845989226   273.13941254873276   69.8717526430254
14   32   27   102.03516852860783   268.5561082879571   51.16350882407509
14   32   28   96.5127612869746   274.2662800268363   57.57941590633816
14   33   26   113.07929933120404   268.5299997361215   39.05612324476768
14   33   27   107.5562438631151   274.23998983544993   45.468340944523334
14   34   25   124.12366428532154   268.50389204276536   26.95704517922469
14   34   26   118.60009221940658   274.2137004499584   33.36129965311259
14   35   24   135.16820599460098   268.47778520813915   14.886544288183408
14   35   25   129.6442128780383   274.18741187059356   21.265182693951456
14   36   23   146.10191957047968   268.38663311245216   3.3210435782369627
14   36   24   140.63214354403829   274.1030082603763   9.274647147869997
15   22   36   4.851222364872136   255.19444582568605   172.3708554751027
15   23   35   13.763023249798193   256.6710980657805   160.15894595086343
15   23   36   7.355000722955995   263.74356471446583   166.33897351284725
15   24   34   24.76259896557685   256.64498740370914   148.0430985173443
15   24   35   19.27127164340006   262.3563321973536   154.46536203346744
15   25   33   35.790439839292326   256.61887763944725   135.92739040865047
15   25   34   30.282525806881274   262.3300326901364   142.3493915590537
15   26   32   46.82658046510051   256.5927687732691   123.81186252601256
15   26   33   41.31203947446384   262.3037340235381   130.23354360724596
15   27   31   57.866272301087236   256.5666608054488   111.69657351584155
15   27   32   52.3482723653742   262.27743619781165   118.11785588103542
15   28   30   67.78763148420276   257.68029018156324   99.4765087097205
15   28   31   63.38771498913379   262.2511392132099   106.00238332004949
15   29   29   79.91751880893585   258.1280807523344   85.89158498285603
15   29   30   74.40745822944952   260.63981176045314   95.49609732329188
15   30   28   90.98077208122052   256.50762787301727   75.34592112979853
15   30   29   86.55471899017344   261.0690516677865   81.93646920733548
15   31   27   102.02456927789406   256.4815232376584   63.233263360103294
15   31   28   96.50190978682934   262.19159342872996   69.6501825099375
15   32   26   113.06868868961517   256.4554195019084   51.122487748578436
15   32   27   107.54540622586052   262.1652995725541   57.537082360127144
15   33   25   124.11304430011751   256.4293166660421   39.0153470598934
15   33   26   118.58926589649623   262.13900655865916   45.425864477514445
15   34   24   135.15757820670387   256.4032147303342   26.91674670106543
15   34   25   129.63339596438456   262.1127143872986   33.31858152304762
15   35   23   146.20225000239952   256.3771136950597   14.84757872178862
15   35   24   140.67773274563558   262.0864230587261   21.2219692783548
15   36   22   157.13600866729448   256.2859548844565   3.2979257243122295
15   36   23   151.66586978878564   262.0020108692719   9.229955172793835
16   21   36   4.852406720221269   243.11468609796864   184.44638321313374
16   22   35   13.753245308285429   244.5965018365069   172.23334507182355
16   22   36   7.346129234945572   251.66362284517038   178.41450111650315
16   23   34   24.75238493842642   244.57039611918418   160.11740453764068
16   23   35   19.25992068919748   250.28169126784675   166.53945512388373
16   24   33   35.78006626006608   244.54429134505702   148.00157671888547
16   24   34   30.271394228207516   250.25538747674443   154.42337372554326
16   25   32   46.8161243677209   244.51818751442755   135.88589176528512
16   25   33   41.30101511935813   250.22908456592404   142.30738556646503
16   26   31   57.85576581342273   244.49208462759793   123.770391631369
16   26   32   52.337311442830625   250.20278253566315   130.19151667797436
16   27   30   67.77268424251965   245.6099677043565   111.54645605037989
16   27   31   63.37679595911083   250.1764813862396   118.07580377547734
16   28   29   79.92686441667205   244.45916600702293   99.53274488687316
16   28   30   75.50543848754947   249.0144536986311   106.11705585906587
16   29   28   90.97018759239762   244.43306567621968   87.4183430724744
16   29   29   85.4480490486546   250.14322324217125   93.83699748605956
16   30   27   102.01397053107719   244.4069662902925   75.30465789393965
16   30   28   96.49105876334575   250.11692448735258   81.7221613554015
16   31   26   113.05807850056297   244.3808678495442   63.192101481710175
16   31   27   107.53456901911181   250.09062661436252   69.60794933168786
16   32   25   124.10242472557879   244.35477035427755   51.08147680902769
16   32   26   118.57843996606343   250.06432962347924   57.49475591645185
16   33   24   135.14695079468476   244.32867380479547   38.974584673511536
16   33   25   129.62257941133947   250.03803351498107   45.38339674139583
16   34   23   146.19161594714816   244.30257820140113   26.87646967366085
16   34   24   140.66692411337223   250.0117382891464   33.27587468191488
16   35   22   157.2363908743154   244.2764835443977   14.808659221236598
16   35   23   151.71142924509658   249.9854439462538   21.1787715902287
16   36   21   168.1701824136737   244.1853173688015   3.275316579042623
16   36   22   162.69973274482624   249.90102234997198   9.185285310833535
17   20   36   4.853619297856046   231.03499567389682   196.52191118278375
17   21   35   13.743472324800791   232.521933985586   184.3078058209859
17   21   36   7.337265880654757   239.58372943943334   190.49002897614875
17   22   34   24.74217331293663   232.4958337298057   172.19178957924493
17   22   35   19.24857154834982   238.20707350773077   178.6136531824153
17   23   33   35.76969425025515   232.4697344674373   160.07586609050327
17   23   34   30.260263965999748   238.1807650009569   166.49748458671368
17   24   32   46.80566943299277   232.44363619881548   147.96005814040313
17   24   33   41.28999178658843   238.1544574180542   154.38138825131355
17   25   31   57.84526024826029   232.41753892427502   135.84439664323017
17   25   32   52.32635135364981   238.12815075932895   142.26538263846066
17   26   30   67.7577372896748   233.5396561022645   123.61726208030578
17   26   31   63.36587763172847   238.10184502508727   130.1494930850577
17   27   29   79.9162988382517   232.38462999729194   111.60620096579049
17   27   30   75.49036557832336   236.9441083957051   118.18689313741673
17   28   28   90.95960367214865   232.35853541474665   99.49135904968816
17   28   29   85.43718123516265   238.06857911029456   105.91016827855317
17   29   27   102.00337228831447   232.33244182747487   87.37701271648358
17   29   28   96.4802082166848   238.04227588961118   93.79488437493319
17   30   26   113.04746876417498   232.306349235812   75.2634012726245
17   30   27   107.5237322429992   238.01597359450497   81.67999950531176
17   31   25   124.09180556181086   232.2802576400936   63.15094761883367
17   31   26   118.56761442821579   237.9896722252828   69.56572214556088
17   32   24   135.1363237586325   232.25416704065518   51.04047602985552
17   32   25   129.61176321899336   237.96337178225164   57.45243659101015
17   33   23   146.1809822384913   232.2280774378327   38.93383612896174
17   33   24   140.6561158147035   237.93707226571868   45.34093776070036
17   34   22   157.22575143794612   232.20198883196193   26.83621419359385
17   34   23   151.70062770215117   237.91077367599112   33.23317917323557
17   35   21   168.27060955510922   232.17590122337907   14.7697861506882
17   35   22   162.74526645091274   237.88447601337634   21.1355897260063
17   36   20   179.20442517320743   232.08472693357464   3.253226748654657
17   36   21   173.7337063644762   237.8000440568616   9.140637886186383
18   19   36   4.854860076629455   218.9553860238431   208.59743934382792
18   20   35   13.733704309928616   220.44739917612154   196.3823168308205
18   20   36   7.328410689595464   227.50389221713974   202.56555704600325
18   21   34   24.731964092082215   220.4213049841561   184.26623810810705
18   21   35   19.237224224066278   226.13248262847884   190.68793626958774
18   22   33   35.75932381122509   220.39521184146355   172.1502368379186
18   22   34   30.24913502171111   226.1061689055051   178.57169803752564
18   23   32   46.795215661695266   220.36911974841647   160.03433061176065
18   23   33   41.278969476973714   226.0798561545309   166.45551668665473
18   24   31   56.70896181712418   221.4850386825815   147.80335880946004
18   24   32   52.31539209835533   226.05354437589588   154.33940561309066
18   25   30   68.83990952393388   221.93561747983716   134.21613282777574
18   25   31   63.329848944447534   224.4471832201305   143.82243904076375
18   26   29   79.90573391206486   220.31013053984935   123.67993300732176
18   26   30   75.47529287841688   224.87377193659583   130.25756572752945
18   27   28   90.94902032067189   220.28404234005498   111.56477621072538
18   27   29   85.42631395592385   225.99395905772474   117.98368674423722
18   28   27   101.99277454976298   220.25795519160692   99.44997811647777
18   28   28   96.46935814700727   225.96765089671052   105.86809698201822
18   29   26   113.03685948057858   220.23186909487887   87.33568799724188
18   29   27   107.51289589765292   225.94134370958722   93.75277581805655
18   30   25   124.08118680891914   220.2057840502445   75.22215127673664
18   30   26   118.55678928306074   225.91503749669508   81.63784283500222
18   31   24   135.1256970986356   220.1797000580778   63.10980178715446
18   31   25   129.60094738743658   225.88873225837446   69.5235009624751
18   32   23   146.1703488765046   220.15361711875283   50.999485435567045
18   32   24   140.64530784970626   225.86242799496594   57.41012439954332
18   33   22   157.2151123231174   220.12753523264382   38.893101469750626
18   33   23   151.6898264695451   225.83612470681007   45.298487560047874
18   34   21   168.25996544830943   220.1014544001253   26.795980357975843
18   34   22   162.73447104528063   225.80982239424773   33.19049504074312
18   35   20   179.30489167997254   220.07537462157165   14.730959877711467
18   35   21   173.77921756130206   225.78352105761988   21.09242378287491
18   36   19   190.23872493717528   219.98419134798428   3.231666882386313
18   36   20   184.76777082188696   225.6990776347888   9.09601322925029
19   18   36   4.856129034924801   206.87587129714188   220.6729676648464
19   19   35   13.723941274278143   208.3729031520496   208.45686936753475
19   19   36   7.319563691395282   215.42412062969444   214.6410852905881
19   20   34   24.72175727884229   208.34681573160032   196.34073841131996
19   20   35   19.225878719563415   214.0579231789827   202.7622891953005
19   21   33   35.74895494434295   208.32072942293692   184.22467296064428
19   21   34   30.23800739679667   214.0316036551299   190.64599458600142
19   22   32   46.78476305460834   208.29464422647723   172.10868684983703
19   22   33   41.26794819133385   214.00528515669203   178.5297453586313
19   23   31   56.694028464593295   209.41475210264184   159.8756938959522
19   23   32   52.30443367747142   213.9789676840476   166.413551425702
19   24   30   68.85260066990607   208.2617561781864   147.869460707572
19   24   31   64.42635075793419   212.81920809585202   154.4448871745411
19   25   29   79.89516963837032   208.23567399312438   135.75386738046518
19   25   30   74.37309426001963   213.94568184471703   142.17340334509987
19   26   28   90.93843753816594   208.2095929217535   123.63847702767397
19   26   29   85.4154472111421   213.91936716191148   130.05745605735672
19   27   27   101.98217731557986   208.18351296449242   111.52335579983871
19   27   28   96.45850855447414   213.89305350625025   117.94164882542168
19   28   26   113.02625064990137   208.15743412175985   99.40860209336608
19   28   27   107.50205998320322   213.86674087811244   105.82602975342095
19   29   25   124.07056846700914   208.1313563939747   87.2943689227545
19   29   26   118.54596453070597   213.8404292778774   93.71067182156891
19   30   24   135.1150708147829   208.10527978155613   75.18090791718161
19   30   25   129.5901319167593   213.81411870592456   81.59569135250126
19   31   23   146.15971586126358   208.07920428492358   63.068664002391245
19   31   24   140.63450021845742   213.78780916263364   69.4812857933739
19   32   22   157.20447352989459   208.05312990449642   50.958505050740285
19   32   23   151.67902554734462   213.76150064838433   57.367819357836645
19   33   21   168.24932164137203   208.0270566406945   38.852380739552245
19   33   22   162.72367592975908   213.73519316355674   45.2560461641454
19   34   20   179.2942434813704   208.00098449393755   26.75576826444992
19   34   21   173.76842752064886   213.70888670853103   33.14782232838462
19   35   19   190.33922621503027   207.9749134646459   14.692180773315092
19   35   20   184.81326217484843   213.68258128368745   21.049273858783117
19   36   18   201.27307233019502   207.88372019012496   3.210647656564407
19   36   19   195.80191076006327   213.598125101342   9.05141167676877
20   17   36   4.857426150657164   194.79646915265695   232.74849612093948
20   18   35   13.714183228483527   196.29845307054447   220.53145661008145
20   18   36   7.31072491579778   203.34442637430533   226.71661368198343
20   19   34   24.711552876200237   196.27237326087078   208.4152814902719
20   19   35   19.21453503806477   201.9834007958509   214.83670018425892
20   20   33   35.73858765097714   196.24629463341094   196.29916239490007
20   20   34   30.22688109271371   201.95707478230756   202.72035938391647
20   21   32   45.6460231835181   197.36015948287513   184.0640612256713
20   21   33   41.25692793048947   201.93074985380238   190.60405521812072
20   22   31   57.77302525480075   197.81146062184374   170.47980870163923
20   22   32   52.2629646753144   200.32306303936687   180.08680308322027
20   23   30   68.84206171339184   196.18734252393543   159.94368385362242
20   23   31   64.41126836125827   200.74889647880866   166.5169777850468
20   24   29   79.88460601742707   196.1612682810607   147.82795450857165
20   24   30   74.36220598137031   201.87112936639863   154.247483194182
20   25   28   90.92785532482958   196.13519522254973   135.71238579390678
20   25   29   85.40458100102153   201.84480847596487   142.1314122910146
20   26   27   101.9715805859224   196.10912334887485   123.59702494690177
20   26   28   96.44765943924642   201.8184886725093   130.01544539823837
20   27   26   113.01564227227087   196.08305266050886   111.48193973797244
20   27   27   107.49122449978043   201.79216995645717   117.89961458177564
20   28   25   124.05995053618649   196.05698315792446   99.36723098648669
20   28   26   118.53514017125909   201.76585232823405   105.78396659761437
20   29   24   135.10444490716318   196.03091484159478   87.25305550104068
20   29   25   129.57931680705218   201.7395357882657   93.66857239161999
20   30   23   146.1490831928441   196.00484771199322   75.13967120488721
20   30   24   140.62369292103395   201.713220336978   81.55354506585302
20   31   22   157.19383505834304   195.97878176959318   63.027534280300465
20   31   23   151.6682249356161   201.6869059747972   69.43907664922597
20   32   21   168.23867813435396   195.95271701486848   50.917534900026
20   32   22   162.71288110440597   201.6605927021496   57.325521481719285
20   33   20   179.28359556368918   195.92665344829317   38.81167398220896
20   33   21   173.75763775235018   201.63428051946167   45.21361359778768
20   34   19   190.32857440200274   195.9005910703414   26.71557801119418
20   34   20   184.80247686398008   201.60796942716027   33.105161080321714
20   35   18   201.37360454478   195.87452988148775   14.653449211981881
20   35   19   195.84738448764466   201.58165942567229   21.00614005244786
20   36   17   212.30745992593089   195.78332540594673   3.1901797576048105
20   36   18   206.83611409892947   201.49718895877345   9.006833571979527
21   16   36   4.858751401275225   182.71720191876125   244.82402469212022
21   17   35   13.704430183203497   184.22405796513712   232.60607315371877
21   17   36   7.301894392662723   191.26482410313287   238.79214219791692
21   18   34   24.70135088714344   184.19798677181547   220.4898603174629
21   18   35   19.20319318280093   189.90892254918822   226.9111599674678
21   19   33   35.72822193249732   184.17191684065386   208.37369587306472
21   19   34   30.21575611092115   189.8825892267237   214.7947809216531
21   20   32   45.631110282636   185.28990768644053   196.13712615097734
21   20   33   41.245908695261924   189.85625705627638   202.6784317551949
21   21   31   57.790122733122864   184.13905517128796   184.13393977942545
21   21   32   53.362885135403594   188.69436725044878   190.70613356892667
21   22   30   68.83152352221067   184.11298865686706   172.01799773501907
21   22   31   63.309985229066015   189.82294625759909   178.43790669439773
21   23   29   79.87404304949385   184.08692340651422   159.90215978842167
21   23   30   74.35131831056535   189.79661722145568   166.3216776915403
21   24   28   90.91727368086147   184.0608594207664   147.7864515420946
21   24   29   85.39371532576608   189.770289339041   154.20551153880206
21   25   27   101.96098436094782   184.03479670016088   135.67090774359417
21   25   28   96.43681080148522   189.74396261083515   142.08942431413973
21   26   26   113.00503434781452   184.00873524523527   123.5555767689294
21   26   27   107.48038944751478   189.7176370373188   129.97343809051398
21   27   25   124.04933301655656   183.98267505652743   111.44052802997557
21   27   26   118.5243162048276   189.69131261897252   117.85758401723128
21   28   24   135.0938193758651   183.95661613457543   99.32586480198273
21   28   25   129.56850205840527   189.6649893562774   105.74190751945882
21   29   23   146.13845087132162   183.93055847991783   87.21174774013382
21   29   24   140.61288595751282   189.63866724971464   93.62647753436977
21   30   22   157.18319690852786   183.90450209309313   75.09844115080374
21   30   23   151.65742463442584   189.61234629976582   81.51140398311706
21   31   21   168.22803492731202   183.87844697464055   62.986412636676896
21   31   22   162.70208656927886   189.58602650691253   69.39687354102485
21   32   20   179.2729479269789   183.8523931250991   50.87657500814835
21   32   21   173.74684825645673   189.55970787163693   57.28323078706435
21   33   19   190.31792285320418   183.8263405450085   38.77098124173241
21   33   20   184.79169180975583   189.53339039442105   45.171189885857295
21   34   18   201.3629495157726   183.80028923490835   26.675409696925
21   34   19   195.83660337785653   189.50707407574748   33.062511340932346
21   35   17   212.40801984395387   183.77423919533896   14.614765571702996
21   35   18   206.88157206731705   189.48075891609886   20.963022463361487
21   36   16   223.34188176563907   183.68302208914255   3.1702738639431276
21   36   17   217.8703712055636   189.39627234882897   8.962279264766522
22   15   36   4.860104763763824   170.63809824593562   256.8995533621597
22   16   35   13.694682149121881   172.1497294037193   244.68071466055565
22   16   36   7.293072151966586   179.18533241925323   250.8676708204048
22   17   34   24.691151314663824   172.12366804569132   232.56446932482504
22   17   35   19.19185315700977   177.83449742923312   238.98566114911685
22   18   33   34.584620508528545   173.23535092000975   220.3266872986303
22   18   34   30.204632452880226   177.80815581305853   226.86925013980144
22   19   32   46.706140985667574   173.68775224544223   206.7452097062025
22   19   33   41.19608040618117   176.199394990544   216.35258495253703
22   20   31   57.77961991368786   172.06476350557838   196.20839745906034
22   20   32   53.34778917521967   176.6240913248204   202.7789414452124
22   21   30   68.82098609671424   172.0387071652816   184.09238449822044
22   21   31   63.299068778540985   177.74849067785107   190.51225382775195
22   22   29   79.86348073482993   172.0126521808659   171.97645833425477
22   22   30   74.34043124787196   177.7221536306839   178.3959635583045
22   23   28   90.90669260646041   171.98659855294753   159.8606387023137
22   23   29   85.38285018558005   177.69581781326718   166.2797226465903
22   24   27   101.9503886408136   171.9605462821429   147.74495181086473
22   24   28   96.4259626413517   177.66948322614783   154.16354273018993
22   25   26   112.9944268766601   171.93449536906908   135.62943323277145
22   25   27   107.46955482653685   177.6431498698728   142.04743941720403
22   26   25   124.03871590822503   171.90844581434322   123.51413249768576
22   26   26   118.5134926315193   177.61681774498967   129.93143413743422
22   27   24   135.0831942209776   171.8823976185829   111.39912068070355
22   27   25   129.55768767090922   177.5904868520463   117.81555713572618
22   28   23   146.12781889677217   171.85635078240614   99.28450354600677
22   28   24   140.60207932797107   177.56415719159054   105.69985252382196
22   29   22   157.1725590805146   171.83030530643114   87.17044564808153
22   29   23   151.64662464384023   177.53782876417085   93.58438725598883
22   30   21   168.21739202030324   171.80426119127657   75.05721776590336
22   30   22   162.6912923244357   177.51150157033584   81.46926811236902
22   31   20   179.26230057128976   171.7782184375614   62.94529908735316
22   31   21   173.73605903301922   177.4851756106346   69.35467647978935
22   32   19   190.30727156867908   171.75217704590492   50.83562539990498
22   32   20   184.7809070122208   177.45885088561622   57.240947289789304
22   33   18   201.3522947361739   171.72613701692669   38.73030256230382
22   33   19   195.82582251071423   177.43252739583025   45.1287750533254
22   34   17   212.39736193497237   171.70009835124688   26.63526342089987
22   34   18   206.87079471385286   177.40620514182663   33.01987315481177
22   35   16   223.44246663549148   171.67406104948563   14.576130234011977
22   35   17   217.91581499948285   177.37988412415544   20.91992119179892
22   36   15   234.37633301270807   171.58282959100274   3.1509406269095477
22   36   16   228.9046743044055   177.29537927098067   8.917749111818207
23   14   36   4.861486214645003   158.55919551463015   268.97508211774306
23   15   35   13.68493913694735   160.07548244432527   256.75537760869867
23   15   36   7.284258223802934   167.1059753045448   262.9431995347665
23   16   34   24.680954161757313   160.04943241884655   244.6391040435661
23   16   35   19.18051496393606   165.76013704567345   251.06019775615042
23   17   33   34.56974181075843   161.1651496108264   232.4001543725557
23   17   34   30.193510120053947   165.7337859376152   238.94375981010418
23   18   32   46.729731643829346   160.01660513157705   220.39903629610347
23   18   33   42.30039963308416   164.56961200641084   226.96907350745593
23   19   31   57.769118019304734   159.99055905416643   208.28290288353062
23   19   32   52.24847535664938   165.70044296059672   214.70303566797065
23   20   30   68.81044943725425   159.96451443810133   196.16683068524696
23   20   31   63.28815303240932   165.67409542825646   202.58666322578858
23   21   29   79.85291907369451   159.93847128409547   184.05083179046892
23   21   30   74.3295447935573   165.64774921177528   190.47032341821995
23   22   28   90.89611210182531   159.9124295928633   171.93492169596507
23   22   29   85.3719855806677   165.62140431178125   178.35402289628482
23   23   27   101.93979342567705   159.88638936511958   159.81912059762055
23   23   28   96.41511495900701   165.59506072890255   166.23777025002687
23   24   26   112.98381985893525   159.86035060157948   147.70345531760907
23   24   27   107.45872063697699   165.56871846376805   154.12157677067137
23   25   25   124.02809921129752   159.83431330295858   135.58796226468678
23   25   26   118.50266945144188   165.54237751700666   142.00545760293937
23   26   24   135.07256944258933   159.80827746997295   123.47269213710491
23   26   25   129.54687364465434   165.51603788924797   129.88943354225339
23   27   23   146.11718726927123   159.78224310333903   111.35771769501862
23   27   24   140.5912730324856   165.4896995811216   117.77353394120311
23   28   22   157.1619215743685   159.7562102037736   99.24314722472108
23   28   23   151.63582496392561   165.46336259325795   105.65780161557862
23   29   21   168.20674941338447   159.7301787719942   87.12914923294542
23   29   22   162.6804983699342   165.43702692628733   93.54230156265803
23   30   20   179.25165349667165   159.70414880871837   75.01600106118077
23   30   21   173.7252700820884   165.41069258084082   81.42713746169973
23   31   19   190.29662054847182   159.67812031466434   62.904193648200426
23   31   20   184.77012247141985   165.38435955754963   69.31248547656358
23   32   18   201.34164020602344   159.65209329055077   50.794686100167304
23   32   19   195.81504188625786   165.35802785704544   57.19867100585588
23   33   17   212.38670426215253   159.6260677370966   38.689637988274804
23   33   18   206.8600175904828   165.33169747996027   45.08636912525179
23   34   16   223.43180613249942   159.60004365502124   26.595139282921743
23   34   17   217.9050410246567   165.30536842692658   32.97724656677337
23   35   15   234.47694047331623   159.5740210450447   14.537543584019305
23   35   16   228.9501052810072   165.27904069857695   20.876836338825363
23   36   14   245.41080970039204   159.48277313545415   3.1321906505762755
23   36   15   239.93901705019326   165.1945148965759   8.873243476786921
24   13   36   4.8628957299808935   146.4805434342484   281.0506109478442
24   14   35   13.675201157413632   148.00133705872838   268.8300591090007
24   14   36   7.275452638382646   155.02678421504106   275.0187283289002
24   15   34   24.67075943142414   147.9753002330614   256.7137608456511
24   15   35   19.169178606831938   153.6858566565938   263.13476491184576
24   16   33   34.55486373852727   149.09498495499346   244.47370804095564
24   16   34   30.182389113907337   153.6594945786553   251.01830409505962
24   17   32   46.71928254249061   147.94249571832106   232.47362326735222
24   17   33   42.285283362131885   152.49938983999004   239.04229550058093
24   18   31   57.75861705047812   147.91646317458031   220.35744820428928
24   18   32   52.23751913653853   153.62613296685933   226.77753129032254
24   19   30   68.7999135441827   147.89043221625812   208.24132595939318
24   19   31   63.277237991035605   153.59977473637798   214.66112438158555
24   20   29   79.84235806634695   147.86440284419177   196.12526632158196
24   20   30   74.31865894788875   153.57341792154045   202.54474403836014
24   21   28   90.88553216715528   147.83837505921906   184.0092816579145
24   21   29   85.36112151123345   153.5470625230756   190.42839533149498
24   22   27   101.92919871569572   147.8123488621785   171.8933878221526
24   22   28   96.40426775461255   153.520708541713   178.31208471008478
24   23   26   112.97321329476767   147.78632425390893   159.7776054766663
24   23   27   107.44788687896573   153.49435597818248   166.19582050385566
24   24   25   124.01748292587976   147.76030123524993   147.66196206505754
24   24   26   118.4918466647031   153.46800483321454   154.07961366257427
24   25   24   135.06194504078928   147.73427980704142   135.5464948425918
24   25   25   129.53605997973122   153.4416551075399   141.96347887408052
24   26   23   146.10655598889466   147.70825997012398   123.43125569112573
24   26   24   140.5804670711335   153.41530680188993   129.84743630823007
24   27   22   157.15128439015498   147.68224172533877   111.31631907778993
24   27   23   151.62502559474837   153.38895991699647   117.73151443761022
24   28   21   168.1961071066129   147.6562250735274   99.20179584429732
24   28   22   162.66970470583223   153.36261445359162   105.61575479961117
24   29   20   179.24100670317483   147.63021001553193   87.08785850280145
24   29   21   173.71448140371515   153.33627041240817   93.50022046056891
24   30   19   190.2859697926267   147.60419655219536   74.97479104765328
24   30   20   184.75933818739793   153.3099277941793   81.38501203921625
24   31   18   201.3309859253609   147.57818468436074   62.863096335128105
24   31   19   195.8042615045275   153.2835865996386   69.27030054241696
24   32   17   212.37604682553015   147.55217441287192   50.75375713388051
24   32   18   206.84924069724303   153.2572468295201   57.15640195127043
24   33   16   223.421145853758   147.52616573857327   38.648987564168756
24   33   17   217.89426726860697   153.23090848455848   45.04397212678514
24   34   15   234.4662776217022   147.50015866230967   26.555037383340764
24   34   16   228.93933436136473   153.2045715654887   32.934631621850976
24   35   14   245.51143771065446   147.47415318492668   14.499006010447204
24   35   15   239.98443638063472   153.1782360730462   20.83376800630323
24   36   13   256.4453085446708   147.38288622957333   3.1140344706096514
24   36   14   250.97339421355218   153.09368603196586   8.82876273045613
25   12   36   4.864333285374992   134.40220958238623   293.1261398432534
25   13   35   13.66546822127944   135.92732031470825   280.9047567690698
25   13   36   7.266655426034491   142.9478012384925   287.09425719273986
25   14   34   23.512110353036363   137.0405234742709   268.66413231315784
25   14   35   19.157844088956526   141.61167672377817   275.2093585953164
25   15   33   35.628531700665576   137.49797894327097   255.07971826386313
25   15   34   30.118471121179184   140.0092856781195   264.68718400412484
25   16   32   46.70883460934477   135.8685213957742   244.54823813560515
25   16   33   42.27016743396052   140.42920300331573   251.1156253641908
25   17   31   57.7481170077129   135.84250481740742   232.4320272036536
25   17   32   52.22656375335601   141.55191842127198   238.85206471078016
25   18   30   68.78937841785164   135.81648997151956   220.315862249944
25   18   31   63.26632365478454   141.52554768500005   226.73562902630047
25   19   29   79.83179771304665   135.79047685910646   208.19975130157482
25   19   30   74.30777371113372   141.49917848050978   214.61921516366263
25   20   28   90.87495280264922   135.76446548116454   196.08370436959805
25   20   29   85.3502579774817   141.4728108086575   202.50282703988586
25   21   27   101.91860451102714   135.73845583869084   183.96773410230196
25   21   28   96.39342102832958   141.44644467030048   190.3864695691118
25   22   26   112.96260718428512   135.7124479326832   171.85185671482182
25   22   27   107.43705355263359   141.4200800662963   178.2701490014517
25   23   25   124.00686705207728   135.68644176414017   159.73609334177738
25   23   26   118.48102427141072   141.3937169975034   166.15387341008403
25   24   24   135.0513210156663   135.660437334061   147.6204720559427
25   24   25   129.52524667623027   141.36735546478056   154.037653408229
25   25   23   146.0959250557182   135.6344346434455   135.50503096974208
25   25   24   140.56966144399183   141.34099546898727   141.9215032333654
25   26   22   157.14064752793925   135.60843369329436   123.38982316369189
25   26   23   151.61422653637484   141.3146370109837   129.80544243862659
25   27   21   168.18546510004532   135.582434484609   111.27492483389302
25   27   22   162.65891133218742   141.2882800916304   117.68949862890089
25   28   20   179.23036019084935   135.55643701839116   99.16044941091661
25   28   21   173.7036929979502   141.26192471178868   105.57371208080897
25   29   19   190.27531930118818   135.5304412956438   87.04657346573947
25   29   20   184.7485541602001   141.23557087232032   93.4581439559231
25   30   18   201.3203318942257   135.5044473173703   74.93358773636028
25   30   19   195.79348136556317   141.20921857408786   81.34289185304111
25   31   17   212.36538962514058   135.4784550845748   62.822007164084
25   31   18   206.83846403416942   141.18286781795425   69.22812168844435
25   32   16   223.41048579929918   135.45246459826203   50.712838526064296
25   32   17   217.88349373136597   141.15651860478317   57.11414014208356
25   33   15   234.45561498357094   135.4264758594376   38.608351334680485
25   33   16   228.9285636502411   141.13017093543883   45.0015840831641
25   34   14   245.500772722561   135.40048886910785   26.514957823058662
25   34   15   239.97366823704493   141.10382481078597   32.89202836529887
25   35   13   256.5459553281423   135.37450362827948   14.460517905664538
25   35   14   251.018802915496   141.07748023169012   20.790716296899603
25   36   12   267.47982680342807   135.2832143675223   3.0964825321762652
25   36   13   262.00780144602624   140.99290182012092   8.784307250909292
26   11   36   4.86579885597501   122.32428822499439   305.20166879621905
26   12   35   13.655740339328744   123.85346983464532   292.9794685909064
26   12   36   7.25786661720534   130.86908400027534   299.1697861178448
26   13   34   23.497301384771788   124.97045836960524   280.73789761806523
26   13   35   19.146511413576487   129.53762533776336   287.2839754616619
26   14   33   35.66300762267473   123.82072106076777   268.739153919674
26   14   34   31.22478549649839   128.3748504700657   275.30649052338794
26   15   32   46.698387845176086   123.79472169103411   256.62287696303423
26   15   33   41.178836437483966   129.5042132440344   263.0431059551835
26   16   31   57.73761789151447   123.7687242296529   244.50663489212727
26   16   32   52.21560920762871   129.47782602635817   250.92663047283432
26   17   30   68.77884405861361   123.74272867782673   232.39043316351146
26   17   31   63.2554100240213   129.45144047630575   238.81017056339095
26   18   29   79.82123801405338   123.7167350367596   220.27427843427807
26   18   30   74.29688908356006   129.42505659489703   226.6937287239027
26   19   28   90.8643740085065   123.69074330765594   208.1581789114333
26   19   29   85.3393949796172   129.39867438315292   214.57730801541402
26   20   27   101.90801081182899   123.66475349172133   196.04214483082905
26   20   28   96.38257478031966   129.37229384209462   202.4609122317253
26   21   26   112.95200152761555   123.63876559016234   183.9261891253777
26   21   27   107.42622065811133   129.34591497274442   190.3445461326064
26   22   25   123.99625158999602   123.61277960418627   171.81032837597886
26   22   26   118.47020227167273   129.31953777612546   178.22821577213426
26   23   24   135.04069736730938   123.58679553500156   159.6945841952824
26   23   25   129.5144337342421   129.29316225326122   166.1119289707215
26   24   23   146.08529446981785   123.56081338381752   147.57898529300027
26   24   24   140.5588561511378   129.26678840517653   153.9956960099683
26   25   22   157.130010987787   123.53483315184415   135.46357064939667
26   25   23   151.60342778887164   129.24041623289662   141.87953068353482
26   26   21   168.1748233937388   123.5088548402927   123.34839455875216
26   26   22   162.64811824905783   129.2140457374474   129.76345193670934
26   27   20   179.21971395974538   123.48287845037525   111.23353496821044
26   27   21   173.6929048648444   129.18767691985587   117.64748651903395
26   28   19   190.26466907420084   123.45690398330471   99.11910793076991
26   28   20   184.73777038987132   129.16130978114964   105.53167346406883
26   29   18   201.3096781126577   123.43093144029504   87.00529412986404
26   29   19   195.78270146940514   129.1349443223571   93.41607205493311
26   30   17   212.35473266101963   123.40496082256116   74.8923911383637
26   30   18   206.82768760129807   129.1085805445074   81.30077691131292
26   31   16   223.3998259691553   123.37899213131871   62.78092615105487
26   31   17   217.87272041296637   129.08221844863056   69.18594892576576
26   32   15   234.44495255895174   123.35302536778454   50.671930301812594
26   32   16   228.917793147666   129.0558580357573   57.07188559439126
26   33   14   245.4901079381691   123.32706053317622   38.56772934467765
26   33   15   239.96290029263494   129.02949930691904   44.959205019716734
26   34   13   256.53528838821217   123.3010976287123   26.474900703531862
26   34   14   251.0080373054079   129.00314226314808   32.84943684259383
26   35   12   267.58049080446244   123.27513665561239   14.422079665722565
26   35   13   262.0532004093397   128.97678690547747   20.747681314094027
26   36   11   278.51436216910537   123.18382091704908   3.0795451669588414
26   36   12   273.04223510208226   128.89217483744838   8.739877423706076
27   10   36   4.867292416474053   110.24691493263761   317.27719780016906
27   11   35   12.468162607163386   112.91611384349028   304.92872113388614
27   11   36   7.249086242460315   118.79071356175777   311.2453150970843
27   12   34   24.56164743153235   113.37679679498312   291.3467844997726
27   12   35   19.051586852045972   115.88804855090389   300.9544140799644
27   13   33   35.65264831527867   111.74712950045462   280.8138368558077
27   13   34   31.20963593458527   116.30477500578533   287.3800462535427
27   14   32   46.68794225076896   111.72115321739831   268.6975365196314
27   14   33   41.167820882433354   117.43029867552089   275.11771765747756
27   15   31   57.72711970238809   111.69517905971837   256.58126721941755
27   15   32   52.20465549988358   117.40389346891116   263.0012241220107
27   16   30   68.76831046682085   111.66920702889763   244.46503356981486
27   16   31   63.24449709911086   117.3774900933735   250.8847436662056
27   17   29   79.81067896962658   111.64323712642067   232.3488411480122
27   17   30   74.28600506543526   117.35108855014359   238.76827828127486
27   18   28   90.85379578492604   111.61726935377295   220.23269675850307
27   18   29   85.32853251784432   117.32468884045859   226.65183038421705
27   19   27   101.8974176182587   111.59130371244146   208.1166087903277
27   19   28   96.37172901074403   117.2982909655564   214.5354029380524
27   20   26   112.94139632488653   111.56534020391427   196.00058770680985
27   20   27   107.41538819552935   117.27189492667615   202.41899961523904
27   21   25   123.98563653974149   111.5393788296807   183.88464672888935
27   21   26   118.45938066559673   117.2455007250578   190.30262502351562
27   22   24   135.03007409580718   111.51341959123148   171.7688028076315
27   22   25   129.50362115385713   117.2191083619425   178.18628502388293
27   23   23   146.07466423126905   111.4874624900585   159.65307803951214
27   23   24   140.54805119264824   117.19271783857238   166.069987187779
27   24   22   157.1193747697633   111.46150752765494   147.5375017789685
27   24   23   151.59262935230493   117.16632915619049   153.9537414701271
27   25   21   168.1641819877502   111.43555470551524   135.42211388481851
27   25   22   162.63732545650106   117.13994231604111   141.83756122733288
27   26   20   179.20906800991276   111.40960402513511   123.30696988026001
27   26   21   173.68211700444837   117.11355731936945   129.72146480574867
27   27   19   190.2540191117087   111.3836554880116   111.19214948563122
27   27   20   184.72698687645635   117.0871741674217   117.60547811197308
27   28   18   201.29902458069637   111.3577090956429   99.0777714100574
27   28   19   195.77192181609334   117.06079286144522   105.4896389542948
27   29   17   212.3440759332025   111.33176484952858   86.96402050329327
27   29   18   206.81691139866476   117.03441340268833   93.37400476382163
27   30   16   223.38916636335816   111.30582275116942   74.85120126474833
27   30   17   217.86194731344034   117.00803579240034   81.25866722218552
27   31   15   234.4342903478735   111.27988280206759   62.739853312065584
27   31   16   228.90702285366848   116.98166003183174   69.14378226552704
27   32   14   245.47944335750495   111.25394500372646   50.63103248629408
27   32   15   239.95213254743135   116.95528612223394   57.029638324333966
27   33   13   256.5246216430587   111.2280093576505   38.52712163920149
27   33   14   250.99727188596034   116.92891406485941   44.91683496186131
27   34   12   267.5698220743941   111.20207586534578   26.43486612677484
27   34   13   262.0424371206577   116.90254386096171   32.80685709943617
27   35   11   278.61504201772   111.17614452831953   14.383691690389757
27   35   12   273.0876251093732   116.87617551179542   20.704663162186094
27   36   10   289.548912685899   111.08479685223932   3.0632325693531026
27   36   11   284.07669210259445   116.79152287243069   8.695473642060763
28   9   36   4.868813941113753   98.17029198217692   329.3527268494958
28   10   35   12.45356165519939   100.84622183245384   317.0026263870681
28   10   36   7.240314332483906   106.71280768136948   323.3208441243926
28   11   34   24.616269652404455   99.69979746298219   305.004880676829
28   11   35   20.169599171607835   104.25058575972591   311.57123286977645
28   12   33   35.642290591209644   99.6738475456447   292.88853517213045
28   12   34   30.126178029164638   105.38303227308342   299.3088697913571
28   13   32   46.67749782690894   99.64790002437735   280.77221413101205
28   13   33   41.15680635773965   105.35660297990765   287.19235103488967
28   14   31   57.71662244083986   99.62195490105243   268.6559208633796
28   14   32   52.19370263064833   105.33017571515374   275.0758419859511
28   15   30   68.7577776428263   99.59601217754383   256.53965930443405
28   15   31   63.23358488041881   105.30375048034885   262.95934398643766
28   16   29   79.80012058002633   99.57007185572745   244.42343416964897
28   16   30   74.27512165702746   105.2773272770215   250.84285863751506
28   17   28   90.84321813210741   99.54413393748078   232.30725115824382
28   17   29   85.31767059236815   105.25090610670176   238.72638786541393
28   18   27   101.88682493047408   99.51819842468325   220.1911172238313
28   18   28   96.36088371976443   105.22448697092102   226.60993400833243
28   19   26   112.9307915762261   99.49226531921596   208.07504093961794
28   19   27   107.40455616501843   105.19806987121218   214.4934999327917
28   20   25   123.97502190141962   99.466334622962   195.95903299907692
28   20   26   118.44855945329078   105.17165480910946   202.37708919178883
28   21   24   135.01945120124896   99.44040633780584   183.84310691458626
28   21   25   129.4928089351661   105.14524178614855   190.26070624337802
28   22   23   146.06403434014794   99.41448046563418   171.72728001178982
28   22   24   140.53724656860047   105.11883080386653   178.14435675844956
28   23   22   157.10873887393382   99.3885570083352   159.61157487680006
28   23   23   151.58183122674134   105.09242186380202   166.02804806327
28   24   21   168.15354088213675   99.36263596779914   147.4960215165889
28   24   22   162.6265329545751   105.0660149674949   153.9117897910432
28   25   20   179.1984223414019   99.33671734591779   135.38066067927411
28   25   21   173.67132941681317   105.03961011648667   141.79559486750657
28   26   19   190.24336941375643   99.31080114458496   123.26554913217423
28   26   20   184.7162036200004   105.01320731232008   129.67948104901882
28   27   18   201.28837129838138   99.28488736569604   111.15076839105153
28   27   19   195.76114240566795   104.98680655653945   117.56347341168778
28   28   17   212.3334194417252   99.25897601114829   99.03643985498925
28   28   18   206.80613542630567   104.96040785069034   105.44760855639848
28   29   16   223.3785069819401   99.2330670828409   86.92275259416063
28   29   17   217.85117443282064   104.93401119632007   93.33194208882206
28   30   15   234.42362835036548   99.2071605826748   74.81001812662126
28   30   16   228.89625276827823   104.90761659497706   81.21656279382962
28   31   14   245.46877898059537   99.18125651255278   62.698788663180345
28   31   15   239.941365001461   104.8812240482114   69.10162171889968
28   32   13   256.5139550927064   99.15535487437916   50.590145104752494
28   32   14   250.98650665717798   104.85483355757461   56.987398348097436
28   33   12   267.55915353092695   99.12945567006035   38.48652826346766
28   33   13   262.0316740147792   104.82844512461936   44.874473935106806
28   34   11   278.6043716399184   99.10355890150463   26.394854195363095
28   34   12   273.0768639555644   104.8020587509002   32.764289181751536
28   35   10   289.64960716936235   99.07766457062179   14.345354383188555
28   35   11   284.1220738457833   104.77567443797277   20.66166194630298
28   36   9   300.5834766851969   98.98627762244581   3.047554771926398
28   36   10   295.1111698289561   104.69097193770158   8.651096307028341
29   8   36   3.286698218361556   87.4496341027042   341.2675146533475
29   9   35   13.494763162399238   89.25809525770657   327.6141888028537
29   9   36   7.068877142124545   93.12092905117896   336.7024043608002
29   10   34   24.60608259593167   87.62691665474115   317.07960864260076
29   10   35   20.15438306170892   92.18071592550112   323.6449434316858
29   11   33   35.63193445184838   87.60100320710714   304.96324704175515
29   11   34   30.11506032582236   93.30966836726967   311.38353420553466
29   12   32   46.66705457438194   87.57509250745535   292.8469075638689
29   12   33   41.14579286423026   93.2832111437415   299.26700346381864
29   13   31   57.70612610737597   87.54918455822556   280.730593073425
29   13   32   52.18275060045103   93.25675619540395   287.15048100997836
29   14   30   68.74724558698279   87.52327936186032   268.61430695172896
29   14   31   63.22267336831085   93.23030352419366   275.0339679393725
29   15   29   79.7895628455125   87.49737692080478   256.49805321897355
29   15   30   74.26423885860463   93.20385313204962   262.91746554927573
29   16   28   90.83264105025002   87.47147723750662   244.38183669261127
29   16   29   85.30680920339337   93.17740502091263   250.80097538765355
29   17   27   101.87623274863306   87.44558031441623   232.2656631952943
29   17   28   96.35003890754244   93.15095919272568   238.684499316791
29   18   26   112.92018728176221   87.41968615398669   220.149539831476
29   18   27   107.39372456670942   93.12451564943366   226.56803959733833
29   19   25   123.96440767513624   87.3937947586737   208.0334753606649
29   19   26   118.43773863486275   93.09807439298375   214.4515990008465
29   20   24   135.00882868372352   87.36790613093544   195.91748070916782
29   20   25   129.4819970782595   93.07163542532473   202.3351809627375
29   21   23   146.05340479653032   87.34202027323293   183.80156968421932
29   21   24   140.5264422790716   93.04519874840787   190.21878979373346
29   22   22   157.0981033003639   87.31613718802986   171.68575999046544
29   22   23   151.57103341224735   93.01876436418624   178.10243097758774
29   23   21   168.14290007695533   87.29025687779246   159.57007470948147
29   23   22   162.61574074333785   92.992332274615   165.98611159920966
29   24   20   179.18777695426294   87.26437934498965   147.45454450860544
29   24   21   173.66054210198948   92.96590248165148   153.86984097505652
29   25   19   190.23271998038842   87.23850459209308   135.33921103603393
29   25   20   184.70542062054855   92.93947498725502   141.7536316068059
29   26   18   201.27771826575238   87.2126326215771   123.22413231845836
29   26   19   195.75036323816914   92.91304979338686   129.6375006697982
29   27   17   212.32276318662306   87.18676343591854   111.10939168937402
29   27   18   206.7953596842567   92.88662690201046   117.52147242215291
29   28   16   223.3678478249333   87.16089703759697   98.99511327178524
29   28   17   217.84040177113965   92.86020631509132   105.40558227529856
29   29   15   234.41296656645684   87.13503342909482   86.88149041061304
29   29   16   228.88548289152482   92.83378803459696   93.28988403617869
29   30   14   245.45811480746687   87.109172612897   74.76884173511255
29   30   15   239.9305976547509   92.80737206249705   81.17446363443129
29   31   13   256.50328873717956   87.08331459149126   62.65773222050213
29   31   14   250.97574161908548   92.78095840076337   69.05946729708052
29   32   12   267.54848517408334   87.05745936736795   50.54926818250709
29   32   13   262.02091109172653   92.75454705136949   56.94516568191257
29   33   11   278.5937014412009   87.03160694301994   38.44594926286652
29   33   12   273.0661029773404   92.7281380162914   44.832121965053496
29   34   10   289.6389352698905   87.00575732094306   26.354865012437337
29   34   11   284.11131466192785   92.70173129750697   32.72173313569125
29   35   9   300.68418472484905   86.97991050363581   14.30706815143083
29   35   10   295.15654392276485   92.67532689699613   20.618677772407374
29   36   8   311.6180527347306   86.88847411053754   3.032521620232448
29   36   9   306.1456660400876   92.59056164385626   8.606745827693759
30   7   36   3.2820578678816554   75.37772921857601   353.3422999333623
30   8   35   13.60232399260785   75.58053975607089   341.27074102056326
30   8   36   8.255391519261927   81.17259684583121   347.633543687805
30   9   34   24.59589797777324   75.55467143765766   329.15434699025485
30   9   35   19.090010540590175   81.263247902673   335.57476146728095
30   10   33   35.62157989857697   75.52880633644955   317.03797091610795
30   10   34   30.103943956036904   81.23675200257613   323.4582139291834
30   11   32   46.65661249397442   75.50294445575315   304.92161493864234
30   11   33   41.13478040273336   81.2102586899461   311.34167272765984
30   12   31   57.69563070250284   75.4770857988787   292.8052815526754
30   12   32   52.17179940981999   81.18376796731584   299.22513863247207
30   13   30   68.73671429964335   75.45123036914093   280.6889736837882
30   13   31   63.21176256315279   81.1572798372218   287.10861254332303
30   14   29   79.77900576634505   75.4253781698586   268.57269478549034
30   14   30   74.25335667043494   81.13079430220311   274.99209551848384
30   15   28   90.82206453955318   75.39952920435461   256.4564489639263
30   15   29   85.2959483511249   81.10431136480231   262.87558881133634
30   16   27   101.86564107289325   75.37368347595583   244.34024113968377
30   16   28   96.33919457423971   81.07783102756451   250.75909391751233
30   17   26   112.90958344162279   75.34784098799351   232.22407726025244
30   17   27   107.382893400733   81.0513532930386   238.64261263638912
30   18   25   123.95379386099707   75.32200174380303   220.10796458265102
30   18   26   118.42691821042064   81.02487816377595   226.52614715232457
30   19   24   134.9982065433199   75.29616574672382   207.9919120548306
30   19   25   129.47118558322796   80.9984056423312   214.40970014343233
30   20   23   146.04277560049204   75.27033300009947   195.87593083862112
30   20   24   140.5156383241387   80.97193573126219   202.2932749294487
30   21   22   157.08746804911902   75.24450350727793   183.76003503954044
30   21   23   151.56023590888935   80.94546843312979   190.17687567612276
30   22   21   168.13225957226297   75.218677271611   171.64424274567165
30   22   22   162.60494882284712   80.91900375049794   178.0605076830525
30   23   20   179.17713184854583   75.19285429645498   159.5285775398939
30   23   21   173.64975506002813   80.89254168593361   165.94417779761474
30   24   19   190.2220708116491   75.16703458517021   147.41307075776504
30   24   20   184.6946378781456   80.8660822420069   153.82789502450908
30   25   18   201.26706548284898   75.14121814112116   135.29776495837172
30   25   19   195.739584313637   80.83962542129126   141.711671447984
30   26   17   212.31210716793166   75.11540496767672   123.18271944308059
30   26   18   206.78458417255382   80.813171226363   129.59552367136905
30   27   16   223.35718889236972   75.08959506820982   111.06801938550821
30   27   17   217.82962932842975   80.78671965980163   117.47947514734797
30   28   15   234.4023049961767   75.06378844609749   98.95379166667432
30   28   16   228.87471322343742   80.76027072418954   105.3635601159215
30   29   14   245.4474508381459   75.03798510472126   86.84023396081193
30   29   15   239.9198305073277   80.7338244221129   93.24783061214572
30   30   13   256.4926225765022   75.0121850474667   74.72767210137418
30   30   14   250.9649767717071   80.70738075616033   81.13236975219237
30   31   12   267.53781700388544   74.98638827772366   62.61668400017262
30   31   13   262.01014835152216   80.68093972892385   69.01731901129233
30   32   11   278.5830314215879   74.96059479888618   50.508401744951904
30   32   12   273.0553421747217   80.65450134299866   56.90294034205578
30   33   10   289.62826354256754   74.93480461435254   38.40538468296402
30   33   11   284.10055564698655   80.62806560098313   44.789779077392424
30   34   9   300.6735114158362   74.90901772752547   26.314898681705667
30   34   10   295.14578656234147   80.60163250547869   32.67918900763424
30   35   8   311.71877336692353   74.8832341418116   14.268833406254409
30   35   9   306.19103303311226   80.57520205908979   20.57571074730493
30   36   7   322.6526395981623   74.79173362633205   3.0181427470882936
30   36   8   317.1801788067687   80.4903554200991   8.562422621367626
31   6   36   3.277460909753885   63.30695510746998   365.4170907772401
31   7   35   13.592613326278729   63.50922624903197   353.34550020768995
31   7   36   8.243446237247657   69.10024581011774   359.7082469916693
31   8   34   24.58571580095949   63.48342441193586   341.2290946176711
31   8   35   19.078682033693347   69.1910622848485   347.6494631556512
31   9   33   35.61122693277904   63.45762645816772   329.1127054738747
31   9   34   30.092828921286312   69.16451753915747   335.53290730949686
31   10   32   46.64617158647358   63.43183239246559   316.99633466214766
31   10   33   41.1237689740782   69.13797579526161   323.4163569408317
31   11   31   57.685136226727415   63.40604221957462   304.87998436811864
31   11   32   52.16084905928409   69.11143705661956   311.2998126892472
31   12   30   68.72618378116144   63.380255944246805   292.7636571392309
31   12   31   63.200852465310895   69.08490132669449   299.1832752979456
31   13   29   79.7684493427844   63.35447357124137   280.64735596284356
31   13   30   74.24247509278689   69.05836860895464   287.0667456356054
31   14   28   90.81148860021658   63.328695105324236   268.53108436547524
31   14   29   85.28508803576788   69.03183890687336   274.9502247240278
31   15   27   101.85504990341269   63.302920551268734   256.41484654018365
31   15   28   96.32835072001801   69.0053122239289   262.833713773432
31   16   26   112.89898005593592   63.277149913855155   244.2986475118495
31   16   27   107.37206266722006   68.9787885636043   250.71721422798322
31   17   25   123.94318045910816   63.251383197870666   232.18249335420808
31   17   26   118.41609818007251   68.95226792938773   238.60072782519225
31   18   24   134.98758478012715   63.22562040810973   220.06639147857135
31   18   25   129.46037445016225   68.92575032477222   226.4842566743824
31   19   23   146.03214675210899   63.19986154937386   207.95035102347808
31   19   24   140.5048347038791   68.89923575325598   214.36780336176545
31   20   22   157.07683312026467   63.174106626471406   195.8343833889768
31   20   23   151.5494387167339   68.87272421834182   202.25137109328728
31   21   21   168.12161936811688   63.1483556442182   183.71850298230373
31   21   22   162.5941571931608   68.84621572353791   190.13496389208814
31   22   20   179.16648702430095   63.12260860743693   171.6027282794238
31   22   21   173.6389682909801   68.8197102723572   178.0185868766005
31   23   19   190.21142190758295   63.09686552095754   159.48708337037758
31   23   20   184.6838553928367   68.79320786831786   165.90224666050435
31   24   18   201.25641294971092   63.07112638961718   147.371600266818
31   24   19   195.72880563211174   68.76670851494295   153.78595194174562
31   25   17   212.30145138568676   63.04539121826005   135.2563224495653
31   25   18   206.7738088912332   68.7402122157604   141.66971439379702
31   26   16   223.34653018428153   63.01966001173734   123.1413105100146
31   26   17   217.81885710472358   68.71371897430342   129.55355005701742
31   27   15   234.39164363955425   62.99393277490777   111.02665148437057
31   27   16   228.8639437640457   68.68722879411027   117.43748159125876
31   28   14   245.43678707265926   62.96820951263711   98.9124750458957
31   28   15   239.9090635592184   68.66074167872408   105.32154208320047
31   29   13   256.48195661069894   62.94249022979825   86.7989832529333
31   29   14   250.9542121150677   68.63425763169313   93.20578182298838
31   30   12   267.5271490203557   62.916774931271405   74.68650923658215
31   30   13   261.99938579418887   68.6077766565708   81.09028115533111
31   31   11   278.57236158110027   62.891063621944035   62.57564401837301
31   31   12   273.04458154772925   68.58129875691561   68.97517687278373
31   32   10   289.6175919874126   62.86535630671059   50.46754581755716
31   32   11   284.0897968009787   68.55482393629092   56.86072234484863
31   33   9   300.6628382725542   62.83965299047301   38.36483456950286
31   33   10   295.13502936464994   68.5283521982654   44.74744529790649
31   34   8   311.7080987485459   62.81395367814056   26.274955307448696
31   34   9   306.18027736535976   68.50188354641276   32.636656844188344
31   35   7   322.7533719584708   62.788258374629464   14.230650562660305
31   35   8   317.2255391906349   68.4754179843117   20.532760978653
31   36   6   333.6872362026887   62.69667147681653   3.0044275464331074
31   36   7   328.21470645921687   68.39046158382038   8.518127113787052
32   5   36   3.2729075268181314   51.23811094476066   377.49188665106897
32   6   35   13.582907773112558   51.43958196817469   365.42026668303316
32   6   36   8.231503513561709   57.02896114010546   371.78296108896205
32   7   34   24.575536068524773   51.413878665761914   353.3038505733953
32   7   35   19.067355384085083   57.120011256112456   359.7241761077237
32   8   33   35.60087555583936   51.38818025750596   341.187449580787
32   8   34   30.08171522305024   57.093397536833656   347.6076129233185
32   9   32   46.63573185266719   51.36248675075313   329.07106537503574
32   9   33   41.112758579094496   57.06678739006211   335.49105448920653
32   10   31   57.67464268055675   51.33679815286295   316.9546998813002
32   10   32   52.14989954937237   57.04018082079785   323.3745013393555
32   11   30   68.71565403189027   51.31111447120811   304.83835533081157
32   11   31   63.18994307515134   57.0135778340495   311.2579540908776
32   12   29   79.75789357509066   51.285435713174714   292.722034324217
32   12   30   74.23159412592874   56.98697843483395   299.141413460868
32   13   28   90.80091323243975   51.25976188616221   280.60573991133384
32   13   29   85.2742282575274   56.96038262817737   287.02488028750764
32   14   27   101.84445924034911   51.23409299758364   268.4894756924956
32   14   28   96.31750734503909   56.9337904191143   274.90835555674767
32   15   26   112.88837712482953   51.20842905486532   256.3732459486368
32   15   27   107.36123236630134   56.90720181268821   262.7918404363753
32   16   25   123.93256746957532   51.18277006544706   244.2570558100918
32   16   26   118.40527854392626   56.8806168139511   250.67533631995886
32   17   24   134.97696339423425   51.15711603678219   232.14091147825147
32   17   25   129.44956367915296   56.854035427964   238.55884488418494
32   18   23   146.02151825145697   51.131466976337634   220.0248205204527
32   18   24   140.49403141836987   56.827457659796366   226.44236816460332
32   19   22   157.06619851386625   51.10582289159364   207.9087922679714
32   19   23   151.53864183584747   56.80088351452683   214.32590865706342
32   20   21   168.11097946457397   51.08018379004409   195.79283836177618
32   20   22   162.5833658543368   56.77431299724253   202.2094694556194
32   21   20   179.15584248157828   51.054549679196775   183.6769735142641
32   21   21   173.62818179489614   56.74774611303963   190.09305444317334
32   22   19   190.20077326823426   51.02892056657259   171.56121659373892
32   22   20   184.67307316466685   56.721182867023124   177.97666855998972
32   23   18   201.2457606663777   51.003296459706426   159.4455922032746
32   23   19   195.7180271936333   56.694623264306735   165.8603181898993
32   24   17   212.29079583992376   50.97767736614681   147.33013303851675
32   24   18   206.76303384033065   56.668067310013335   153.74401172911362
32   25   16   223.33587170070092   50.952063293456   135.2148835128965
32   25   17   217.8080851000535   56.64151500927431   141.62776044700422
32   26   15   234.3809824966185   50.92645424920972   123.09990552323883
32   26   16   228.85317451337897   56.61496636723027   129.51157983003392
32   27   14   245.42612351103324   50.90085024099781   110.98528799088406
32   27   15   239.89829681044955   56.58842138903079   117.39549175787577
32   28   13   256.471290839794   50.87525127642361   98.87116341569782
32   28   14   250.94344764919154   56.561880079834175   105.27952818207683
32   29   12   267.5164812235164   50.84965736310451   86.75773829516767
32   29   13   261.98862341974893   56.535342444807824   93.16373767498246
32   30   11   278.56169191975823   50.82406850867163   74.64535315193419
32   30   12   273.0338210963836   56.508808489128135   81.0481978520819
32   31   10   289.60692060444467   50.798484720769665   62.534612291323654
32   31   11   284.0790381239234   56.48227821798065   68.9330408928292
32   32   9   300.65216529502067   50.77290600705796   50.4267004258691
32   32   10   295.1242723297078   56.45575163655955   56.81851170665885
32   33   8   311.6974242899423   50.747332375208984   38.32429896840315
32   33   9   306.169521854593   56.42922875006847   44.705120652471074
32   34   7   322.7426961205918   50.72176383290954   26.235034994521403
32   34   8   317.21478509837016   56.40270956371987   32.594136692191725
32   35   6   333.78797951274026   50.69620038786033   14.192520039548398
32   35   7   328.26006067620335   56.37619408273531   20.489828574968133
32   36   5   344.7218416128682   50.60449110085488   2.991385146896142
32   36   6   339.2492475448945   56.291081580541224   8.473859739321753
33   4   36   3.2683979011956232   39.17298057046618   389.56668708713175
33   5   35   13.573207344078009   39.37314202281215   377.495039747218
33   5   36   8.219563359355872   44.95960177535783   383.8576849611217
33   6   34   24.565358783508124   39.34759978991767   365.3786140317448
33   6   35   19.05603059507736   45.05100683746344   371.79889922608277
33   7   33   35.59052576914459   39.32206416287987   353.26220225765576
33   7   34   30.070602862810794   45.024288373627364   359.6823295385944
33   8   32   46.62529329334368   39.29653515457665   341.1458059104112
33   8   33   41.10174921861309   44.997574316368045   347.5657639829593
33   9   31   57.6641500644986   39.27101277791612   329.0294266942761
33   9   32   52.13895088061469   44.9708646735383   335.4492030069103
33   10   30   68.7051250521838   39.24549704583633   316.91306657414606
33   10   31   63.17903439304095   44.94415945300855   323.3326471252935
33   11   29   79.74733846352447   39.21998797130581   304.7967278273493
33   11   30   74.22071377012935   44.917458662666384   311.21609693313223
33   12   28   90.79033843642267   39.1944855673233   292.6804131083158
33   12   29   85.26336901660878   44.89076231041703   299.0995531218676
33   13   27   101.83386908386082   39.16898984691828   280.5641255300017
33   13   28   96.30666444946499   44.86407040418303   286.9830164997123
33   14   26   112.87777464843182   39.14350082315046   268.4478687673637
33   14   27   107.35040249810804   44.83738295190474   274.866488017387
33   15   25   123.92195489250459   39.11801850911045   256.33164719017793
33   15   26   118.3944593020901   44.8106999615397   262.74996880097945
33   16   24   134.96634238573048   39.09254291791918   244.21546603539468
33   16   25   129.43875327029096   44.78402144106376   250.63346019433206
33   17   23   146.01089009861218   39.06707406272869   232.09933163347364
33   17   24   140.48322846768843   44.7573473984696   238.5169638143524
33   18   22   157.05556422998941   39.04161195672157   219.98325170951165
33   18   23   151.52784526629668   44.73067784176822   226.40048162407993
33   19   21   168.1003398616914   39.01615661311159   207.86723578967553
33   19   22   162.57257480643312   44.70401277898822   214.28401603054442
33   20   20   179.1451982204282   38.99070804514328   195.75129575856135
33   20   21   173.61739557182725   44.677352218176054   202.16757001781193
33   21   19   190.19012489364786   38.96526626609246   183.63544663717826
33   21   20   184.66229119368114   44.65069616739597   190.05114733092284
33   22   18   201.23510863288925   38.9398312892658   171.5197076906359
33   22   19   195.70724899824216   44.62404463473004   177.93475273497987
33   23   17   212.2801405306785   38.9144031280015   159.40410404092918
33   23   18   206.75225901988236   44.597397628278316   165.8183923878222
33   24   16   223.32521344166005   38.88898179566886   147.28866907561704
33   24   17   217.79731331445217   44.57075515615913   153.7020743889621
33   25   15   234.37032156739883   38.86356730566876   135.1734481516502
33   25   16   228.8424054714669   44.5441172265085   141.58580961036796
33   26   14   245.41546015329462   38.83815967143331   123.05850448673647
33   26   15   239.88753026104828   44.517483847480634   129.46961299371256
33   27   13   256.4606252638118   38.812758906426446   110.94392890997847
33   27   14   250.93268337410336   44.49085502724794   117.35350565119495
33   28   12   267.50581361339   38.78736502414332   98.82985678233904
33   28   13   261.9778612282251   44.46423077400101   105.23751841749858
33   29   11   278.5510224375827   38.76197803811124   86.71649909571958
33   29   12   273.02306082070584   44.437611095948526   93.12169817441429
33   30   10   289.5962493936829   38.73659796188903   74.60420385865136
33   30   11   284.06827961583986   44.41099600131743   81.00611985069456
33   31   9   300.6414924832535   38.711224809067474   62.49358883528366
33   31   10   295.11351545753325   44.38438549835328   68.89091108272882
33   32   8   311.6867499911292   38.6858585932692   50.38586559550998
33   32   9   306.1587665008286   44.35777959531971   56.77630844389949
33   33   7   322.7320204369435   38.66049932814892   38.283777925762735
33   33   8   317.20403115773706   44.331178300498834   44.66280516705359
33   34   6   333.77730253627976   38.63514702739362   26.19513784835712
33   34   7   328.2493080540047   44.30458162219111   32.55162859871368
33   35   5   344.8225951692889   38.60980170472211   14.154442259755788
33   35   6   339.294595994324   44.27798956871569   20.446913645633586
33   36   4   355.75645500931824   38.51790667658556   2.9790243852164524
33   36   5   350.2838007942924   44.192637455024986   8.429620941187288
34   3   36   3.2639322142584892   27.8658039359947   401.6414916739571
34   4   35   13.563512050169054   27.314153433973345   389.5698187875781
34   4   36   8.20762578584385   32.89428704586846   395.93241771383776
34   5   34   24.55518394895238   27.288921641858614   377.45338427269087
34   5   35   19.044707669989197   32.98629554251388   383.8736315513886
34   6   33   35.58017757408218   27.26369995542581   365.336962654744
34   6   34   30.059491842051656   32.95939911743418   371.7570560833385
34   7   32   46.61485590929206   27.23848840274725   353.2205552609375
34   7   33   41.09074089346541   32.93250842358812   359.6404842189138
34   8   31   57.65365837906046   27.213287011987966   341.1041636070443
34   8   32   52.12800305354081   32.90562347502631   347.5239163350402
34   9   30   68.69459684239568   27.188095811406154   328.9877894321344
34   9   31   63.16812641934639   32.878744285842636   335.40735286310934
34   10   29   79.73678400834622   27.162914829353145   316.8714347412663
34   10   30   74.2098340256573   32.851870870174075   323.2907942991845
34   11   28   90.77976421236482   27.13774409427422   304.7551018583607
34  